1.00000000
0.99481865
0.98963731
0.98445596
0.96891192
0.95854922
0.94818653
0.93782383
0.92746114
0.91191710
0.90673575
0.90155440
0.89637306
0.88601036
0.88082902
0.87046632
0.86010363
0.84974093
0.84455959
0.83419689
0.81865285
0.80829016
0.80310881
0.79274611
0.78238342
0.77720207
0.76683938
0.76165803
0.74611399
0.74093264
0.73575130
0.72538860
0.72020725
0.71502591
0.70984456
0.69430052
0.67875648
0.66839378
0.65803109
0.65284974
0.64766839
0.64248705
0.63212435
0.62694301
0.61658031
0.61139896
0.60621762
0.59585492
0.59067358
0.58549223
0.58031088
0.57512953
0.56994819
0.56476684
0.55440415
0.54404145
0.53886010
0.53367876
0.52331606
0.51295337
0.50259067
0.49740933
0.48704663
0.46632124
0.45595855
0.45077720
0.44041451
0.41968912
0.40932642
0.39896373
0.38341969
0.35751295
0.34196891
0.32124352
0.30569948
0.30051813
0.29533679
0.29015544
0.28497409
0.27979275
0.26943005
0.25906736
0.25388601
0.24870466
0.18652850
0.18134715
0.17616580
0.04663212
0.04663212
0.04663212
0.04663212
0.04663212
0.01554404
0.01554404
0.01554404
0.01554404
0.01554404
0.01554404
0.01036269
0.01036269
0.01036269
0.01036269
0.01036269
0.01036269
0.01036269
0.00518135
0.00518135
0.00518135
0.00518135
0.00518135
0.00518135
0.00518135
0.00518135
0.00518135
0.00518135
0.00518135
0.00518135
0.00518135
0.00518135
0.00518135
0.00518135
0.00518135
0.00518135
0.00518135
0.00518135
0.00518135
0.00518135
0.00518135
0.00518135
0.00518135
0.00518135
0.00518135
0.00518135
0.00518135
0.00518135
0.00518135
0.00518135
0.00518135
0.00518135
0.00518135
0.00518135
0.00518135
0.00518135
0.00518135
0.00518135
0.00518135
0.00518135
0.00518135
0.00518135
0.00518135
0.00518135
0.00518135
0.00518135
0.00518135
0.00518135
0.00518135
0.00518135
0.00518135
0.00518135
0.00518135
0.00518135
0.00518135
0.00518135
0.00518135
0.00518135
0.00518135
0.00518135
0.00518135
0.00518135
0.00518135
0.00518135
0.00518135
0.00518135
0.00518135
0.00518135
0.00518135
0.00518135
0.00518135
0.00518135
0.00518135
0.00518135
0.00518135
0.00518135
0.00518135
0.00518135
0.00518135
0.00518135
0.00518135
0.00518135
0.00518135
0.00518135
0.00518135
0.00518135
0.00518135
0.00518135
0.00518135
0.00518135
0.00518135
0.00518135
0.00518135
0.00518135
0.00518135
0.00518135
0.00518135
0.00518135
0.00518135
0.00518135
0.00518135
0.00518135
0.00518135
0.00518135
0.00518135
0.00518135
0.00518135
0.24967314
0.00000000
