1.00000000
0.97975709
0.94736842
0.93927126
0.92712551
0.91497976
0.90283401
0.89068826
0.88259109
0.85425101
0.84615385
0.82995951
0.82591093
0.81376518
0.78542510
0.76113360
0.72874494
0.72469636
0.72064777
0.71659919
0.71255061
0.69635628
0.68421053
0.65991903
0.65587045
0.39676113
0.38866397
0.38461538
0.29554656
0.27935223
0.27935223
0.19433198
0.19433198
0.16599190
0.15384615
0.15384615
0.14574899
0.13360324
0.04858300
0.02834008
0.02024291
0.02024291
0.02024291
0.01619433
0.01619433
0.01619433
0.01619433
0.01619433
0.01214575
0.01214575
0.01214575
0.01214575
0.01214575
0.00809717
0.00809717
0.00809717
0.00809717
0.00809717
0.00809717
0.00809717
0.00809717
0.00809717
0.00809717
0.00809717
0.00809717
0.00809717
0.00809717
0.00809717
0.00809717
0.00809717
0.00809717
0.00809717
0.00809717
0.00809717
0.00404858
0.00404858
0.00404858
0.00404858
0.00404858
0.00404858
0.00404858
0.00404858
0.00404858
0.00404858
0.00404858
0.00404858
0.00404858
0.00404858
0.00404858
0.00404858
0.00404858
0.00404858
0.00404858
0.00404858
0.00404858
0.00404858
0.00404858
0.00404858
0.00404858
0.00404858
0.00404858
0.00404858
0.00404858
0.00404858
0.00404858
0.00404858
0.00404858
0.00404858
0.00404858
0.00404858
0.00404858
0.00404858
0.00404858
0.00404858
0.00404858
0.00404858
0.00404858
0.00404858
0.00404858
0.00404858
0.00404858
0.00404858
0.00404858
0.00404858
0.00404858
0.00404858
0.00404858
0.00404858
0.00404858
0.00404858
0.00404858
0.00404858
0.00404858
0.00404858
0.00404858
0.00404858
0.00404858
0.00404858
0.00404858
0.00404858
0.00404858
0.00404858
0.00404858
0.00404858
0.00404858
0.00404858
0.00404858
0.00404858
0.00404858
0.00404858
0.00404858
0.00404858
0.00404858
0.00404858
0.00404858
0.00404858
0.00404858
0.00404858
0.00404858
0.00404858
0.00404858
0.00404858
0.00404858
0.00404858
0.00404858
0.00404858
0.00404858
0.00404858
0.00404858
0.00404858
0.00404858
0.00404858
0.00404858
0.00404858
0.00404858
0.00404858
0.00404858
0.00404858
0.00404858
0.00404858
0.00404858
0.00404858
0.00404858
0.00404858
0.00404858
0.00404858
0.00404858
0.00404858
0.00404858
0.00404858
0.00404858
0.00404858
0.00404858
0.00404858
0.00404858
0.00404858
0.00404858
0.00404858
0.00404858
0.00404858
0.00404858
0.00404858
0.00404858
0.00404858
0.00404858
0.00404858
0.00404858
0.00404858
0.00404858
0.00404858
0.00404858
0.00404858
0.00404858
0.00404858
0.00404858
0.00404858
0.00404858
0.00404858
0.00404858
0.00404858
0.00404858
0.00404858
0.00404858
0.00404858
0.00404858
0.00404858
0.00404858
0.00404858
0.00404858
0.00404858
0.00404858
0.00404858
0.00404858
0.00404858
0.00404858
0.00404858
0.00404858
0.00404858
0.00404858
0.00404858
0.00404858
0.00404858
0.00404858
0.00404858
0.00404858
0.00404858
0.00404858
0.00404858
0.00404858
0.00404858
0.00404858
0.00404858
0.00404858
0.00404858
0.00404858
0.00404858
0.00404858
0.00404858
0.00404858
0.00404858
0.00404858
0.00404858
0.00404858
0.00404858
0.00404858
0.00404858
0.00404858
0.00404858
0.00404858
0.00404858
0.00404858
0.00404858
0.00404858
0.00404858
0.00404858
0.00404858
0.00404858
0.00404858
0.00404858
0.08250983
0.00000000
