1.00000000
0.81902237
0.77942660
0.77638195
0.77507439
0.77152920
0.76778420
0.75729049
0.75360250
0.74691139
0.74517124
0.73212884
0.73137197
0.71313000
0.71200388
0.70898630
0.70661071
0.69818722
0.68896452
0.68755783
0.68657853
0.67882181
0.67668679
0.67303044
0.67170508
0.67024682
0.66298301
0.62747290
0.62512138
0.59579863
0.58187574
0.57925434
0.54787732
0.54611736
0.54142622
0.52665130
0.52218898
0.52123618
0.51906710
0.51688736
0.51305298
0.51209665
0.51125405
0.51064177
0.49571217
0.46474376
0.46302976
0.45415983
0.45383928
0.45302766
0.45295325
0.44096292
0.42267869
0.41136857
0.40774610
0.40597906
0.37018303
0.34846990
0.34740953
0.33448405
0.33364672
0.28487797
0.17795440
0.17761175
0.13067766
0.09265421
0.06875440
0.05418045
0.05290621
0.03537359
0.02971590
0.02952277
0.02803567
0.02798914
0.02788579
0.02266279
0.02194180
0.01918455
0.01917829
0.01910715
0.01605115
0.01573799
0.01572643
0.01569703
0.01292527
0.01257030
0.01254067
0.01251056
0.01245181
0.00952772
0.00934989
0.00934340
0.00931076
0.00930426
0.00926165
0.00921848
0.00920698
0.00918239
0.00914840
0.00912163
0.00778210
0.00777102
0.00774404
0.00661290
0.00647855
0.00639615
0.00636796
0.00631311
0.00629974
0.00627504
0.00625330
0.00622905
0.00622415
0.00620028
0.00617579
0.00617322
0.00615665
0.00615023
0.00612240
0.00610450
0.00609578
0.00389107
0.00389107
0.00389107
0.00389107
0.00389107
0.00389107
0.00389107
0.00389107
0.00389106
0.00389106
0.00389106
0.00389106
0.00389106
0.00389106
0.00389106
0.00389106
0.00389106
0.00389106
0.00389106
0.00389106
0.00389106
0.00389106
0.00389106
0.00389106
0.00389106
0.00389106
0.00389106
0.00389106
0.00389106
0.00389106
0.00389106
0.00389106
0.00389106
0.00389106
0.00389106
0.00389106
0.00389106
0.00389106
0.00389106
0.00389106
0.00389106
0.00389106
0.00389106
0.00389106
0.00389106
0.00389106
0.00389106
0.00389106
0.00389106
0.00389106
0.00389106
0.00389106
0.00389106
0.00389106
0.00389106
0.00389106
0.00389106
0.00389106
0.00389106
0.00389106
0.00389106
0.00389106
0.00389106
0.00389106
0.00389106
0.00389106
0.00389106
0.00389106
0.00389106
0.00389106
0.00389106
0.00389106
0.00389106
0.00389106
0.00389106
0.00389106
0.00389106
0.00389106
0.00389106
0.00389106
0.00389106
0.00389106
0.00389106
0.00389106
0.00389106
0.00389106
0.00389106
0.00389106
0.00389106
0.00389106
0.00389106
0.00389106
0.00389106
0.00389106
0.00389106
0.00389106
0.00389106
0.00389106
0.00389106
0.00389106
0.00389106
0.00389106
0.00389106
0.00389106
0.00389106
0.00389106
0.00389106
0.00389106
0.00389105
0.00389105
0.00389105
0.00389105
0.00389105
0.00389105
0.00389105
0.00389105
0.00389105
0.00389105
0.00389105
0.00389105
0.00389105
0.00389105
0.00389105
0.00389105
0.00389105
0.00389105
0.00389105
0.00389105
0.00389105
0.00389105
0.00389105
0.00389105
0.00389105
0.00389105
0.00389105
0.00389105
0.00389105
0.00389105
0.00389105
0.00389105
0.00389105
0.00389105
0.00389105
0.00389105
0.00389105
0.00389105
0.00389105
0.00389105
0.00389105
0.00389105
0.00389105
0.00389105
0.00389105
0.00389105
0.00389105
0.00389105
0.00389105
0.00389105
