1.00000000
0.99610895
0.99221790
0.98832685
0.98443580
0.97665370
0.96887160
0.96498054
0.96108949
0.95719844
0.95330739
0.94941634
0.94163424
0.93385214
0.92996109
0.92607004
0.92217899
0.91828794
0.91439689
0.91050584
0.90661479
0.90272374
0.89883268
0.89494163
0.89105058
0.88715953
0.87937743
0.87548638
0.87159533
0.86770428
0.86381323
0.85992218
0.85603113
0.85214008
0.84824903
0.84046693
0.83657588
0.83268482
0.82879377
0.82490272
0.82101167
0.81712062
0.81322957
0.80933852
0.80544747
0.80155642
0.79766537
0.79377432
0.79377432
0.78599222
0.77821012
0.77431907
0.77042802
0.76653696
0.76264591
0.75875486
0.75097276
0.74708171
0.74319066
0.73540856
0.73151751
0.72762646
0.72373541
0.71984436
0.71595331
0.70817121
0.70428016
0.70038911
0.69649805
0.68871595
0.68482490
0.68093385
0.67704280
0.67315175
0.66926070
0.66536965
0.66147860
0.65758755
0.64980545
0.64591440
0.64202335
0.63813230
0.63424125
0.63035019
0.62645914
0.62256809
0.61867704
0.61478599
0.61089494
0.60700389
0.60311284
0.59922179
0.59533074
0.58754864
0.58365759
0.57976654
0.57587549
0.57198444
0.56809339
0.56420233
0.56031128
0.55642023
0.54863813
0.54085603
0.53696498
0.53307393
0.52918288
0.52529183
0.52140078
0.51750973
0.50583658
0.49805447
0.49416342
0.49027237
0.48249027
0.47859922
0.47470817
0.46692607
0.46303502
0.45914397
0.45136187
0.44747082
0.43968872
0.43190661
0.42801556
0.42412451
0.41245136
0.40856031
0.40466926
0.40077821
0.39688716
0.39299611
0.38910506
0.38132296
0.37743191
0.37354086
0.36575875
0.36186770
0.35797665
0.35797665
0.35408560
0.35019455
0.34630350
0.34241245
0.33852140
0.32684825
0.32295720
0.31906615
0.31128405
0.30739300
0.29182879
0.28793774
0.25680934
0.25291829
0.25291829
0.24124514
0.23735409
0.23346304
0.22568093
0.22178988
0.22178988
0.21789883
0.21789883
0.21400778
0.21011673
0.20622568
0.19844358
0.19455253
0.17509728
0.17120623
0.15175097
0.14785992
0.14396887
0.14396887
0.14007782
0.13229572
0.13229572
0.12840467
0.12451362
0.12451362
0.12062257
0.11673152
0.11673152
0.11673152
0.11673152
0.11284047
0.09727626
0.09338521
0.08949416
0.08560311
0.08171206
0.07782101
0.07392996
0.07003891
0.06614786
0.06225681
0.05836576
0.04669261
0.04280156
0.03891051
0.03501946
0.01167315
0.00778210
0.00778210
0.00389105
0.00389105
0.00389105
0.00389105
0.00389105
0.00389105
0.00389105
0.00389105
0.00389105
0.00389105
0.00389105
0.00389105
0.00389105
0.00389105
0.00389105
0.00389105
0.00389105
0.00389105
0.00389105
0.00389105
0.00389105
0.00389105
0.00389105
0.00389105
0.00389105
0.00389105
0.00389105
0.00389105
0.00389105
0.00389105
0.00389105
0.00389105
0.00389105
0.00389105
0.00389105
0.00389105
0.00389105
0.00389105
0.00389105
0.00389105
0.00389105
0.00389105
0.00389105
0.00389105
0.00389105
0.00389105
0.00389105
0.00389105
0.00389105
0.00389105
0.00389105
0.00389105
0.00389105
0.00389105
0.00389105
0.00389105
0.00389105
0.00389105
0.00389105
0.00389105
0.00389105
0.00389105
0.00389105
0.00389105
0.00389105
0.00389105
0.00389105
0.00389105
0.00389105
0.00389105
0.00389105
0.00389105
0.00389105
0.00389105
0.00389105
0.38009567
0.00000000
