1.00000000
0.99610895
0.99221790
0.98832685
0.98443580
0.98054475
0.96498054
0.96108949
0.95719844
0.95330739
0.95330739
0.94941634
0.94552529
0.94163424
0.93774319
0.92607004
0.92217899
0.91050584
0.90661479
0.90272374
0.89883268
0.89494163
0.89105058
0.88326848
0.87937743
0.87548638
0.86381323
0.85992218
0.85603113
0.85214008
0.84824903
0.84435798
0.84046693
0.83657588
0.83268482
0.82879377
0.82490272
0.82101167
0.81712062
0.81322957
0.80933852
0.80544747
0.80155642
0.79766537
0.79377432
0.78988327
0.78599222
0.77821012
0.77431907
0.77042802
0.76653696
0.76264591
0.75875486
0.75486381
0.75097276
0.74708171
0.74319066
0.73929961
0.73540856
0.73151751
0.72762646
0.72373541
0.71984436
0.70817121
0.70038911
0.69649805
0.68871595
0.68482490
0.66536965
0.66147860
0.65758755
0.65369650
0.64980545
0.64591440
0.64202335
0.63813230
0.63424125
0.63035019
0.62645914
0.62645914
0.62256809
0.61867704
0.61478599
0.61089494
0.60700389
0.60311284
0.59533074
0.59143969
0.58754864
0.58365759
0.57976654
0.57587549
0.56809339
0.56420233
0.56031128
0.55252918
0.54474708
0.54085603
0.53696498
0.52918288
0.52529183
0.52140078
0.51361868
0.50972763
0.49805447
0.49416342
0.49027237
0.48249027
0.47859922
0.47470817
0.47081712
0.46692607
0.46303502
0.45525292
0.44747082
0.44357977
0.43968872
0.43579767
0.43190661
0.43190661
0.42801556
0.42801556
0.42412451
0.42023346
0.41634241
0.40466926
0.40077821
0.39688716
0.39299611
0.38910506
0.38521401
0.38521401
0.38132296
0.37743191
0.37354086
0.36964981
0.36575875
0.36186770
0.34241245
0.34241245
0.33852140
0.33463035
0.33073930
0.32684825
0.32295720
0.31906615
0.31517510
0.30739300
0.28404669
0.28015564
0.27626459
0.27237354
0.26848249
0.25680934
0.25291829
0.24902724
0.24513619
0.24124514
0.23735409
0.23346304
0.22568093
0.21789883
0.21400778
0.21011673
0.20622568
0.20622568
0.20233463
0.19844358
0.19455253
0.19066148
0.18677043
0.18287938
0.18287938
0.17898833
0.17509728
0.16731518
0.16342412
0.15564202
0.15175097
0.14785992
0.14396887
0.13618677
0.13618677
0.13229572
0.12451362
0.12062257
0.11673152
0.11284047
0.10894942
0.09727626
0.04669261
0.04669261
0.04280156
0.04280156
0.04280156
0.01945525
0.01945525
0.01945525
0.01945525
0.01556420
0.01556420
0.01556420
0.01556420
0.01167315
0.00778210
0.00389105
0.00389105
0.00389105
0.00389105
0.00389105
0.00389105
0.00389105
0.00389105
0.00389105
0.00389105
0.00389105
0.00389105
0.00389105
0.00389105
0.00389105
0.00389105
0.00389105
0.00389105
0.00389105
0.00389105
0.00389105
0.00389105
0.00389105
0.00389105
0.00389105
0.00389105
0.00389105
0.00389105
0.00389105
0.00389105
0.00389105
0.00389105
0.00389105
0.00389105
0.00389105
0.00389105
0.00389105
0.00389105
0.00389105
0.00389105
0.00389105
0.00389105
0.00389105
0.00389105
0.00389105
0.00389105
0.00389105
0.00389105
0.00389105
0.00389105
0.00389105
0.00389105
0.00389105
0.00389105
0.00389105
0.00389105
0.00389105
0.00389105
0.00389105
0.00389105
0.00389105
0.00389105
0.00389105
0.00389105
0.00389105
0.00389105
0.00389105
0.00389105
0.00389105
0.00389105
0.00389105
0.00389105
0.00389105
0.00389105
0.37214621
0.00000000
