1.00000000
0.99610895
0.99221790
0.98832685
0.98443580
0.98054475
0.97665370
0.97276265
0.95719844
0.95330739
0.94941634
0.94941634
0.94552529
0.94163424
0.93774319
0.93385214
0.92996109
0.92607004
0.92217899
0.91828794
0.91439689
0.91050584
0.90661479
0.90272374
0.89494163
0.89105058
0.88715953
0.88326848
0.87937743
0.87548638
0.87159533
0.86770428
0.86381323
0.85992218
0.85603113
0.85214008
0.84824903
0.84435798
0.84046693
0.83657588
0.83268482
0.81712062
0.81322957
0.80544747
0.80155642
0.79766537
0.79377432
0.78988327
0.78599222
0.78210117
0.77821012
0.77431907
0.76653696
0.76264591
0.75875486
0.75486381
0.75097276
0.73929961
0.73540856
0.73151751
0.72762646
0.72373541
0.71984436
0.71206226
0.71206226
0.70817121
0.70428016
0.70038911
0.69649805
0.69260700
0.68871595
0.68482490
0.68093385
0.67315175
0.66147860
0.65758755
0.65369650
0.64980545
0.64591440
0.64202335
0.63813230
0.63424125
0.63035019
0.63035019
0.62645914
0.62256809
0.61867704
0.61478599
0.61089494
0.60700389
0.59533074
0.59143969
0.58754864
0.57976654
0.57976654
0.57587549
0.57198444
0.57198444
0.56809339
0.56420233
0.54474708
0.54085603
0.53307393
0.52140078
0.51750973
0.51361868
0.50972763
0.50972763
0.50583658
0.50194553
0.49805447
0.49416342
0.49027237
0.48638132
0.47470817
0.46303502
0.45914397
0.45525292
0.45136187
0.44357977
0.43968872
0.43579767
0.43190661
0.42412451
0.42023346
0.41634241
0.41245136
0.40856031
0.40466926
0.40077821
0.39688716
0.39299611
0.38910506
0.38132296
0.37743191
0.37354086
0.36964981
0.36575875
0.36186770
0.35408560
0.35019455
0.34630350
0.34241245
0.33463035
0.29182879
0.28404669
0.28015564
0.27626459
0.25680934
0.25680934
0.25291829
0.24902724
0.24513619
0.24513619
0.24124514
0.24124514
0.23735409
0.23346304
0.22957198
0.22568093
0.12451362
0.11673152
0.11673152
0.11673152
0.11284047
0.10116732
0.09727626
0.09338521
0.06614786
0.06614786
0.06614786
0.05836576
0.05447471
0.05447471
0.05058366
0.03501946
0.03501946
0.03501946
0.03501946
0.03501946
0.03112840
0.02334630
0.02334630
0.02334630
0.02334630
0.02334630
0.02334630
0.02334630
0.01945525
0.01167315
0.01167315
0.01167315
0.01167315
0.01167315
0.01167315
0.01167315
0.01167315
0.00778210
0.00778210
0.00778210
0.00389105
0.00389105
0.00389105
0.00389105
0.00389105
0.00389105
0.00389105
0.00389105
0.00389105
0.00389105
0.00389105
0.00389105
0.00389105
0.00389105
0.00389105
0.00389105
0.00389105
0.00389105
0.00389105
0.00389105
0.00389105
0.00389105
0.00389105
0.00389105
0.00389105
0.00389105
0.00389105
0.00389105
0.00389105
0.00389105
0.00389105
0.00389105
0.00389105
0.00389105
0.00389105
0.00389105
0.00389105
0.00389105
0.00389105
0.00389105
0.00389105
0.00389105
0.00389105
0.00389105
0.00389105
0.00389105
0.00389105
0.00389105
0.00389105
0.00389105
0.00389105
0.00389105
0.00389105
0.00389105
0.00389105
0.00389105
0.00389105
0.00389105
0.00389105
0.00389105
0.00389105
0.00389105
0.00389105
0.00389105
0.00389105
0.00389105
0.00389105
0.00389105
0.00389105
0.00389105
0.00389105
0.00389105
0.00389105
0.00389105
0.00389105
0.00389105
0.00389105
0.00389105
0.00389105
0.36582849
0.00000000
