128
58
65
103
98
278
106
211
206
78
88
90
37
270
254
151
77
248
180
101
133
139
260
155
179
12
80
13
45
259
262
190
197
117
258
102
182
171
159
53
183
243
222
108
253
212
192
28
252
91
67
162
114
56
234
39
52
174
120
15
30
23
123
140
267
154
134
256
255
59
184
269
51
189
220
261
236
96
0
6
3
152
86
26
239
224
194
230
93
198
135
157
68
153
97
129
112
116
250
57
10
110
94
118
16
158
274
46
48
266
186
156
83
168
121
18
66
231
35
247
150
2
81
8
29
40
38
245
249
61
100
124
225
72
42
115
246
166
95
89
73
75
105
177
209
7
201
204
55
271
181
242
60
11
195
265
5
244
188
264
70
33
82
74
131
27
202
31
165
149
54
167
169
240
4
218
104
203
185
19
223
130
178
251
85
148
87
126
272
268
