76
62
261
250
181
150
143
54
210
252
192
128
111
224
238
58
269
13
74
81
186
188
265
159
91
107
254
64
78
18
65
256
236
168
276
263
237
257
173
100
152
96
121
90
40
247
138
223
147
1
164
203
79
6
22
61
161
232
2
179
33
260
162
275
67
153
131
194
165
154
271
156
175
202
15
243
183
248
126
0
218
134
258
30
57
190
17
170
59
105
120
266
133
246
167
110
148
4
86
82
177
222
84
83
241
225
189
71
239
123
259
89
87
55
187
11
127
66
56
109
88
34
38
262
178
146
208
201
140
24
12
129
63
32
244
95
27
157
60
7
270
114
72
49
108
136
21
151
160
44
99
75
48
273
14
158
29
16
255
53
26
253
97
73
68
20
174
39
93
70
3
185
103
198
85
278
9
184
233
251
102
242
267
132
272
23
277
10
77
171
197
104
155
5
130
176
94
249
52
240
