96
267
196
157
41
42
14
244
159
188
5
270
233
56
51
52
80
136
111
76
165
36
78
99
120
221
54
137
161
11
168
46
17
265
271
231
82
26
185
114
31
132
8
256
69
181
85
140
150
53
272
220
262
251
164
257
21
57
10
90
106
74
237
101
79
154
39
230
18
276
218
60
0
234
195
202
212
20
104
32
246
175
95
16
91
97
203
177
252
130
38
194
210
156
223
133
144
116
6
30
9
180
89
151
259
70
121
222
65
24
86
55
263
238
178
249
232
59
253
153
235
250
87
29
66
123
236
242
1
143
113
63
40
103
266
102
158
189
108
273
268
68
149
84
81
7
176
155
13
88
255
67
48
162
277
77
190
208
83
198
118
184
183
152
23
243
105
58
3
174
197
2
166
93
239
61
241
125
269
43
124
62
275
248
107
134
186
