31
162
36
62
85
243
178
140
7
201
102
225
65
14
247
57
105
82
20
240
241
271
99
267
114
176
21
253
75
67
1
144
124
168
273
256
255
134
28
48
266
106
239
175
161
68
250
52
100
277
192
110
148
98
189
94
174
184
156
136
47
46
219
69
170
71
34
97
76
56
153
58
205
194
185
22
264
127
252
44
152
270
278
4
118
70
13
147
0
158
242
245
262
197
41
103
244
59
107
155
23
121
10
77
202
183
260
206
49
249
133
230
257
218
87
146
93
171
111
27
159
42
188
19
2
78
272
179
90
29
12
187
251
5
143
186
66
130
223
149
86
17
113
109
39
16
129
79
53
26
232
84
231
8
3
263
177
276
120
38
268
40
89
259
24
108
246
74
261
275
123
64
254
269
95
11
96
180
157
166
235
154
18
150
37
204
61
91
182
33
151
32
210
55
139
222
248
54
15
233
224
190
167
73
88
181
