275
146
70
20
113
123
12
45
33
169
242
175
276
120
165
72
270
180
110
74
132
30
58
125
62
100
233
18
259
57
190
29
160
104
237
65
119
151
64
28
202
82
236
116
23
251
205
34
244
14
50
47
260
179
69
68
273
183
105
13
117
54
89
177
201
129
52
84
39
22
137
277
249
44
86
166
264
203
6
43
11
121
239
152
272
210
262
189
73
252
178
26
157
197
66
274
234
109
187
173
136
80
149
150
7
112
271
59
124
16
266
102
3
17
19
99
55
40
76
111
24
97
51
108
220
246
257
38
156
114
263
171
230
218
181
95
85
32
83
167
103
221
243
255
162
115
91
94
41
161
96
27
56
245
63
168
90
159
222
134
238
77
78
81
10
269
53
261
139
88
176
224
182
154
268
75
21
241
250
185
267
131
79
2
248
258
67
198
60
232
15
