180
11
88
171
72
266
42
101
157
127
47
57
175
64
106
12
84
76
117
16
209
201
151
196
156
173
230
248
90
78
161
96
246
194
108
251
4
116
41
241
32
206
242
44
66
261
176
79
104
39
51
52
243
186
24
83
155
2
55
189
69
99
9
20
65
7
46
126
232
179
259
170
140
82
29
183
133
129
162
136
255
33
54
257
0
95
3
192
148
37
182
190
53
110
167
147
203
59
118
258
234
34
254
202
269
23
14
86
85
159
166
244
68
121
262
8
275
60
174
43
105
30
113
98
271
218
13
5
165
239
277
220
114
160
102
22
263
107
238
26
67
87
123
149
150
91
268
250
188
185
73
177
15
71
278
178
31
137
198
273
260
124
109
253
267
111
252
181
270
265
94
38
75
10
17
138
236
70
18
233
77
168
187
97
93
235
63
56
240
40
58
50
245
103
61
