31
271
195
89
187
223
170
104
188
60
64
5
26
77
171
82
49
258
68
70
267
34
204
1
242
183
147
262
132
46
139
75
3
248
174
264
201
66
95
136
144
62
44
96
36
102
124
270
37
135
140
79
41
160
24
154
103
19
153
177
180
51
266
14
246
221
63
256
114
99
249
208
218
244
125
76
112
138
164
134
274
161
235
18
126
251
254
53
98
150
175
119
155
162
73
210
239
111
240
179
143
225
69
8
226
222
58
106
90
269
80
11
0
166
81
120
276
40
74
273
194
205
16
4
39
12
190
157
178
35
131
255
33
232
61
237
168
123
127
231
230
23
71
47
137
198
250
263
67
234
209
32
152
130
56
78
181
87
85
165
6
91
55
202
97
88
146
159
184
268
176
13
243
212
52
272
30
156
252
100
277
245
167
28
220
241
2
84
20
206
189
197
94
151
7
59
21
110
38
259
113
278
29
108
57
260
54
10
93
48
