236
28
201
93
91
161
101
104
134
192
269
114
107
30
55
267
263
246
171
53
169
35
118
244
63
178
241
37
150
40
44
22
52
119
222
276
224
90
136
12
188
16
250
194
234
185
182
260
248
21
110
126
26
41
274
68
252
43
33
79
77
105
82
151
19
220
67
257
253
2
237
174
7
76
148
156
176
164
264
189
195
24
123
239
3
49
29
233
10
129
130
202
85
261
73
140
14
155
166
196
27
84
177
51
0
69
180
100
80
58
81
95
38
179
133
243
1
223
226
17
106
87
240
124
64
34
162
88
143
94
275
99
230
181
62
131
98
198
83
254
109
270
242
66
112
89
277
108
65
102
39
157
187
255
206
103
59
173
149
72
97
160
20
158
138
111
146
273
36
127
197
137
70
225
204
42
278
205
4
96
190
47
184
5
13
232
272
71
50
54
46
18
268
32
165
86
168
175
48
113
60
61
238
266
251
