219
168
62
205
80
264
11
112
256
115
132
22
107
201
244
81
28
224
100
166
8
75
13
96
66
276
103
78
56
133
16
73
59
269
167
243
26
40
183
272
5
254
18
206
20
68
48
54
33
149
1
225
44
37
125
67
238
2
49
190
51
248
148
124
6
143
266
102
118
235
197
139
72
185
162
128
161
89
181
30
104
160
234
134
177
156
93
42
257
69
63
55
184
14
29
200
208
147
186
90
24
204
210
7
43
129
95
138
3
121
126
237
77
65
31
4
188
101
268
173
106
233
250
45
249
58
275
52
39
169
278
0
32
9
38
109
99
159
105
220
86
71
277
253
34
98
60
241
57
74
27
212
157
198
113
170
41
154
274
260
165
203
223
182
140
171
246
242
111
245
174
12
53
97
263
262
232
221
144
114
21
180
179
239
85
83
211
178
61
153
261
23
131
187
252
110
255
108
82
267
158
151
91
