4
251
72
77
221
84
244
114
146
91
30
38
115
198
119
160
85
116
49
104
34
9
21
57
152
180
164
158
87
100
105
188
39
226
10
171
43
223
68
222
74
182
268
261
45
89
22
192
187
258
78
50
7
99
270
161
252
143
203
98
277
102
35
255
15
23
130
0
190
101
200
168
260
20
170
166
90
83
3
239
206
88
133
156
67
69
274
124
17
95
12
6
233
236
65
61
64
276
197
169
262
108
53
209
127
31
8
73
241
63
126
60
113
257
75
16
51
36
44
264
165
278
202
94
259
249
269
157
97
123
28
238
250
80
111
82
230
93
140
179
181
243
196
59
175
256
76
11
178
186
153
201
103
189
162
150
81
271
173
248
266
47
42
71
79
174
272
129
96
13
267
263
176
29
245
132
154
26
194
27
86
185
220
40
62
70
149
253
110
242
218
32
247
240
33
138
1
137
246
155
54
151
58
177
