311
255
965
927
709
587
566
215
801
933
749
515
456
834
878
233
1004
58
299
323
727
733
983
626
366
434
943
258
312
76
257
948
875
658
1032
978
885
957
684
404
599
387
494
370
167
925
558
851
584
6
647
794
328
28
91
261
637
859
10
707
140
968
641
1031
278
611
536
761
649
617
1011
627
687
787
66
906
735
932
539
4
830
576
962
130
252
767
73
683
256
463
518
984
564
926
681
496
619
13
389
365
719
838
391
392
900
863
799
351
884
563
970
430
420
302
821
59
574
345
319
530
418
180
187
972
762
656
853
839
648
131
65
585
335
176
908
453
142
674
318
30
991
562
358
247
516
581
105
621
650
218
454
357
246
1013
72
624
139
64
964
274
121
950
407
281
245
104
639
135
326
253
0
701
408
720
321
1038
32
700
791
915
442
846
924
620
985
115
1009
63
262
600
785
433
550
48
394
528
217
786
163
200
739
892
506
998
388
18
652
360
1027
304
95
334
34
385
594
898
675
16
477
554
303
88
166
313
817
504
57
450
423
642
90
636
741
152
771
1025
827
199
99
317
1021
230
552
500
1033
565
1028
308
559
438
603
680
196
848
102
845
150
973
277
699
1023
511
602
25
769
623
41
748
831
988
793
753
713
737
185
169
53
77
502
231
497
479
755
347
774
717
158
487
632
866
971
29
996
374
583
758
939
239
486
616
580
207
289
451
183
512
425
468
743
306
858
714
612
419
877
657
695
541
923
26
96
129
290
696
712
666
929
614
298
671
69
665
745
607
910
210
465
706
517
917
414
38
235
1016
92
162
194
457
272
1042
920
24
193
986
159
686
731
204
39
715
800
862
181
646
168
40
81
954
529
15
1
1030
275
904
368
542
161
126
134
751
844
891
447
912
592
880
922
397
857
798
1003
913
171
797
439
216
284
310
84
292
796
424
340
174
110
236
1000
526
138
201
849
888
1036
660
995
80
198
677
855
136
828
730
806
1029
829
346
779
46
692
175
777
125
151
20
100
375
339
146
766
860
195
332
395
903
472
527
928
143
482
990
243
488
951
1008
606
942
352
850
921
601
373
543
493
331
417
873
522
804
757
355
538
27
349
87
975
435
882
881
949
899
21
521
327
49
251
52
803
220
295
977
856
1006
371
718
909
812
982
980
628
768
840
305
263
711
491
868
232
485
62
276
116
291
254
50
461
682
444
979
44
640
288
608
309
466
316
871
570
297
117
480
228
475
560
67
931
336
754
45
747
989
999
42
841
54
341
75
691
810
553
108
386
97
240
432
460
237
822
5
141
842
651
402
280
958
36
1018
7
645
710
238
960
476
416
147
604
271
364
443
342
315
405
47
282
37
98
765
976
781
1035
690
314
823
356
214
956
403
74
269
382
510
944
809
82
557
164
738
778
775
422
55
811
398
179
296
377
703
1039
708
556
213
782
322
643
244
531
1001
51
361
571
894
362
776
165
60
206
792
896
330
808
813
773
596
507
609
390
177
861
644
555
43
448
914
94
667
188
120
736
655
820
694
759
520
825
537
664
673
338
3
1007
1041
31
835
519
170
662
629
930
133
287
495
401
393
489
1019
578
693
137
790
837
478
852
994
702
887
35
742
426
678
974
1012
992
155
605
513
294
406
593
548
981
622
867
893
225
697
525
987
379
2
205
963
409
157
547
654
764
1022
111
248
721
961
266
192
532
672
350
955
324
544
249
750
732
184
8
260
441
19
740
396
874
872
760
947
283
413
467
128
145
916
575
23
474
471
221
630
202
109
132
11
410
635
679
595
890
178
597
847
815
952
854
756
267
724
577
705
814
367
993
106
524
1026
470
264
591
503
704
182
788
250
431
149
870
363
780
421
722
937
661
484
242
459
114
124
320
633
883
186
222
268
935
802
1024
300
353
569
533
436
534
540
1017
586
473
301
725
688
412
676
380
83
669
807
224
625
728
9
259
372
876
879
770
381
452
1010
572
734
293
445
153
918
763
663
483
113
549
836
653
56
805
1005
588
589
832
173
726
911
376
573
378
285
783
103
789
197
71
499
78
219
123
400
437
818
118
535
107
209
869
1034
112
618
189
344
934
795
613
85
966
865
1002
325
101
469
