118
632
139
250
341
894
692
561
29
765
411
836
264
58
904
228
423
329
78
878
884
1013
401
995
465
695
84
934
309
272
4
565
496
662
1020
946
948
544
108
187
992
430
897
698
652
286
931
213
421
1036
764
462
581
427
755
412
696
732
629
557
209
202
826
299
679
310
149
418
322
248
610
252
781
750
723
103
983
522
936
200
616
1006
1041
24
499
301
63
591
5
635
905
918
993
771
186
450
920
262
459
640
105
508
45
325
785
744
979
808
219
941
571
873
960
856
403
615
445
717
498
130
666
206
774
106
8
348
1010
726
426
124
60
754
942
17
601
757
302
538
845
613
387
79
503
483
183
71
527
345
221
96
868
368
857
27
1
964
700
1037
495
165
991
172
381
972
86
472
919
334
1003
1039
506
335
1015
1040
461
47
466
735
648
691
1009
682
95
606
218
822
361
521
729
175
621
164
853
346
564
859
1005
338
91
999
1029
950
875
510
481
576
113
925
634
1031
713
363
177
46
336
367
493
680
88
300
210
673
595
708
225
23
40
473
903
556
543
563
534
912
419
842
855
614
201
802
7
55
600
260
273
48
926
578
26
593
733
745
455
437
284
976
816
1030
937
414
447
647
330
36
169
575
553
1008
547
693
277
397
75
454
204
68
820
148
921
190
837
901
11
644
833
959
604
807
519
598
243
438
675
289
448
975
117
404
819
114
573
359
545
337
82
923
1022
435
736
431
792
824
313
49
1034
730
751
674
70
57
507
832
1016
603
104
357
971
678
442
989
782
170
153
677
1017
835
741
795
168
500
631
195
59
268
910
42
294
109
706
259
512
304
906
748
208
642
144
307
375
416
963
54
834
650
846
269
18
92
93
181
188
719
697
33
584
958
590
443
160
660
394
315
132
317
184
364
207
699
854
789
434
255
589
928
773
721
385
189
180
1032
173
871
805
580
944
947
879
166
344
509
405
115
874
303
331
801
355
840
128
797
379
279
618
320
665
746
922
332
966
1024
585
382
988
828
577
704
863
295
127
532
467
205
415
518
511
570
525
860
53
985
123
34
994
887
987
1033
607
559
265
129
827
712
217
911
533
211
515
125
625
843
247
574
178
812
308
1001
592
402
597
13
815
637
938
974
829
83
1014
762
747
388
76
485
61
594
799
487
517
297
12
480
761
64
872
270
453
494
199
37
456
239
1026
97
722
849
548
370
43
622
851
233
146
633
550
142
609
667
222
694
769
226
256
783
101
429
839
340
136
395
488
235
9
378
141
174
811
460
274
293
683
954
1038
504
617
31
1019
1025
254
711
768
727
572
502
444
602
731
794
671
194
877
328
288
292
528
739
793
740
50
372
734
569
970
688
952
283
800
143
716
655
687
876
501
714
287
482
913
715
100
110
474
892
546
624
651
159
852
505
81
539
121
772
410
327
150
899
56
656
720
998
358
664
240
298
841
542
6
568
599
552
232
67
323
549
653
227
758
41
360
536
867
803
654
393
980
133
962
659
756
432
516
643
377
702
102
537
107
428
1002
138
930
347
386
362
900
275
458
766
21
468
645
65
886
296
955
371
725
806
763
155
389
945
285
1035
848
927
471
814
176
230
916
676
784
1042
895
420
424
663
775
627
212
354
929
192
780
888
798
167
305
977
312
933
790
981
384
513
25
145
567
20
32
197
408
152
530
39
342
343
282
267
470
134
586
672
628
351
409
973
669
376
353
126
891
932
535
770
830
943
479
969
847
111
486
844
1028
314
224
639
15
72
778
896
870
523
924
1000
611
658
915
767
889
562
271
350
214
3
14
823
290
608
524
390
246
392
446
885
229
85
1018
436
742
19
641
69
349
463
324
263
935
241
193
1012
398
620
914
703
391
883
788
898
760
810
961
215
452
417
231
514
380
753
258
681
685
35
151
244
737
940
858
352
179
864
596
251
80
492
738
1004
540
366
73
541
245
441
529
866
1007
623
779
2
249
520
119
804
490
984
996
718
89
99
0
743
120
278
182
319
917
850
657
433
705
689
902
649
87
422
997
156
690
216
137
957
374
44
242
821
163
94
171
630
1027
158
147
280
185
818
752
809
449
978
626
825
131
582
605
237
62
291
531
281
817
318
