1031
569
290
78
461
490
49
169
120
653
891
676
1033
487
641
293
1015
699
454
300
529
115
233
497
250
402
852
75
960
231
736
113
625
423
871
259
476
581
261
112
760
324
860
470
95
924
774
128
892
65
190
179
962
695
268
264
1025
708
419
62
463
214
341
678
757
492
194
313
147
96
519
1032
916
168
325
633
979
768
38
167
63
467
875
585
1027
797
978
758
269
943
714
108
629
770
248
1029
873
449
751
694
546
315
595
598
42
473
1030
237
498
81
1004
425
28
77
76
391
197
139
253
429
71
367
159
403
776
909
966
124
562
437
1001
635
842
788
684
395
338
118
331
617
410
787
905
969
631
507
432
444
162
660
441
123
216
914
247
640
409
612
765
547
857
345
332
373
98
1020
175
974
474
326
578
784
575
540
1009
335
133
840
912
620
1023
561
370
30
941
1014
436
799
289
964
51
34
107
619
921
165
459
1034
397
906
719
668
691
986
923
652
870
496
567
895
827
421
314
196
372
203
675
834
963
711
416
824
850
828
358
1040
87
418
381
377
989
761
864
266
953
18
750
584
904
375
749
274
1010
697
878
545
394
525
762
790
413
340
800
844
26
265
614
649
239
522
292
52
807
532
199
988
752
278
479
665
841
294
446
869
173
556
258
837
15
632
312
874
503
94
460
896
591
710
84
171
990
894
408
16
823
646
573
616
754
789
339
681
502
928
88
861
41
187
679
643
188
626
267
352
528
863
462
311
554
241
985
23
543
533
221
801
1026
999
304
334
589
911
61
872
835
952
132
212
286
353
936
234
126
104
321
186
316
839
396
549
152
37
471
308
431
887
6
380
698
805
609
565
362
917
968
724
922
613
933
656
955
392
14
846
597
43
959
455
456
1017
720
792
415
92
692
548
73
949
816
976
411
822
728
363
131
557
957
971
995
808
794
281
447
939
285
206
207
426
103
406
153
472
271
910
105
946
33
786
9
273
688
886
114
512
170
607
428
135
563
500
344
508
644
785
742
931
657
254
185
336
220
138
755
594
299
769
981
639
495
509
983
69
513
359
414
19
900
950
183
771
154
888
163
443
542
116
996
464
440
859
82
667
920
1003
295
141
378
387
246
275
366
145
32
322
323
913
954
218
648
39
608
674
67
669
25
622
201
301
1018
818
707
588
198
515
738
819
208
371
634
36
58
205
820
106
777
945
156
251
142
930
826
134
982
510
605
772
743
712
433
354
72
109
723
401
702
4
236
693
420
478
602
486
811
624
654
136
374
47
897
980
504
530
877
149
178
601
466
890
356
217
696
881
603
393
621
538
795
310
144
531
0
438
89
270
256
568
346
845
303
779
483
682
229
539
987
31
703
59
821
739
570
99
662
1038
829
191
180
902
647
730
125
815
700
177
1039
706
193
1000
593
244
404
704
364
767
53
733
690
157
713
252
143
465
57
209
718
45
257
783
307
685
453
524
384
615
7
200
272
146
586
938
427
993
838
361
551
856
961
899
97
880
793
956
781
227
442
747
972
283
778
386
727
91
677
13
848
499
775
627
360
672
663
80
611
1036
517
884
940
56
351
753
412
54
21
242
951
731
741
439
10
606
854
489
948
40
666
1012
424
477
127
3
223
182
228
172
610
219
582
230
1005
934
245
925
809
1013
520
211
2
79
715
102
942
29
687
452
22
117
101
580
944
155
849
991
592
55
494
5
744
11
166
150
898
291
798
151
263
868
858
583
287
766
740
541
110
160
796
893
140
883
803
320
475
284
349
458
90
8
680
64
389
935
977
181
329
434
1007
804
518
885
851
534
333
365
535
576
756
984
628
111
450
843
1019
260
48
903
537
746
100
919
536
430
491
791
630
726
484
20
448
74
855
232
385
716
831
764
382
813
493
309
847
732
235
637
327
279
86
27
1042
317
566
1037
918
599
357
645
398
488
66
865
130
564
388
572
12
83
958
773
400
655
379
184
210
122
802
148
298
445
330
638
44
618
664
1011
164
224
523
604
222
973
405
889
686
908
501
683
748
1016
806
60
810
579
282
926
1035
725
661
174
350
994
302
469
550
992
636
651
481
1002
158
347
717
705
