869
107
774
373
371
632
409
425
530
739
1001
473
443
116
222
997
982
917
670
218
661
143
477
909
266
691
896
153
583
164
177
103
209
474
827
1033
837
390
536
57
738
71
919
755
865
735
721
969
916
94
471
510
111
160
1026
282
933
170
135
329
319
438
343
590
93
828
279
948
938
14
885
698
37
321
585
616
705
654
978
766
773
110
511
899
17
190
117
884
48
519
523
794
359
971
309
571
58
617
665
770
100
357
714
192
2
278
725
436
333
224
326
388
139
702
533
892
0
811
824
65
450
363
875
504
270
124
640
370
539
382
1022
426
838
703
280
525
423
761
380
918
483
977
883
324
506
421
1029
489
349
468
180
600
749
932
820
505
317
723
605
404
480
642
131
615
577
509
574
1020
175
553
740
563
417
796
746
206
1024
821
6
584
798
248
787
29
78
804
1021
532
296
305
214
52
1009
74
538
422
603
667
149
503
134
288
184
889
169
848
648
416
707
23
374
360
265
196
713
922
849
187
552
673
959
656
974
171
581
499
427
780
361
566
528
1031
126
756
310
762
401
856
462
312
440
618
634
152
352
166
777
204
876
446
633
396
626
960
138
812
695
418
1011
833
155
478
747
964
882
996
289
878
271
315
697
220
394
1040
893
717
151
810
512
653
606
328
223
115
928
221
393
189
864
522
285
193
677
830
881
934
70
619
125
34
501
924
851
1013
994
957
904
868
122
144
955
565
384
496
428
22
61
588
630
232
303
611
936
1035
104
350
109
806
649
341
41
264
8
929
174
844
301
335
313
494
437
728
28
444
13
1014
937
620
548
448
906
472
249
595
696
336
377
935
895
1005
228
829
406
907
1028
267
614
79
954
294
407
36
557
607
778
77
692
385
908
458
744
781
779
741
559
693
327
567
216
362
1008
788
176
69
940
690
27
859
101
879
236
641
32
272
668
808
137
521
33
4
992
652
323
789
123
330
334
989
50
479
765
745
295
625
920
727
1010
575
684
800
666
608
651
854
809
905
646
927
941
1023
399
973
62
897
966
358
86
340
1006
410
742
442
91
498
497
582
572
686
839
1017
159
771
81
613
451
965
658
508
268
314
880
242
452
743
274
816
260
507
659
276
710
730
419
518
118
140
799
68
246
381
82
38
11
587
1041
150
694
622
629
853
456
759
308
834
872
628
142
736
912
576
556
524
748
870
432
233
832
958
307
18
84
975
657
391
162
455
726
990
758
867
481
993
253
543
449
226
202
433
80
16
540
874
825
141
76
49
292
596
635
945
802
795
709
320
949
944
842
1003
700
636
706
188
67
200
231
290
366
783
375
998
981
1030
342
871
873
683
484
414
643
372
7
760
88
1042
547
956
664
891
732
389
59
95
186
1025
560
637
197
64
513
910
886
322
465
43
127
368
991
203
768
985
441
995
752
467
182
302
716
130
988
754
527
840
1039
1037
316
397
791
411
984
750
119
639
89
662
926
353
655
861
729
173
47
435
3
299
172
952
367
128
243
968
482
439
405
594
687
767
157
923
764
520
486
60
963
453
1036
12
531
492
915
413
500
734
763
516
699
254
488
40
753
461
331
408
42
129
147
345
890
931
902
609
211
631
860
87
589
235
277
337
454
757
877
805
1015
258
815
903
5
257
146
769
73
638
544
947
983
98
1007
541
672
688
39
979
20
263
300
950
355
715
823
92
53
1012
685
400
708
191
339
1000
207
161
252
298
491
255
338
593
722
939
680
731
689
1016
210
772
31
178
75
724
612
194
980
986
784
261
215
570
542
846
383
485
208
244
237
287
627
325
376
460
241
230
286
51
45
568
551
515
293
420
30
114
379
862
256
369
35
145
332
720
564
578
9
826
392
858
217
987
495
549
1034
213
136
529
855
847
424
942
283
913
108
645
751
1032
782
813
550
24
678
429
537
644
580
737
106
554
198
679
999
475
219
318
797
179
951
445
447
674
601
887
163
239
514
113
466
470
535
96
183
291
921
346
561
133
195
555
281
857
493
718
775
546
476
946
573
430
663
247
1038
490
83
347
398
19
365
185
386
785
817
852
586
602
1002
1018
961
682
517
251
835
259
866
55
269
85
1004
284
459
925
469
534
610
943
250
562
