701
45
356
668
294
989
163
403
612
506
180
225
673
259
428
49
337
304
466
62
789
762
588
746
606
665
832
907
364
319
628
387
901
742
441
915
18
476
174
879
128
777
884
181
281
962
676
329
433
168
203
204
890
718
103
343
603
11
227
729
287
396
42
77
266
29
183
490
842
683
946
663
559
333
116
706
526
508
627
540
929
133
219
933
5
373
6
725
561
142
684
716
199
422
634
554
736
220
467
932
838
147
921
745
991
102
52
340
330
611
633
875
268
474
943
33
1026
233
656
158
420
129
456
395
1002
774
46
15
624
864
1025
788
464
630
408
91
956
421
863
95
247
327
445
547
551
376
995
911
719
707
321
648
60
302
1038
650
117
552
693
1040
952
529
512
938
992
528
948
685
1016
1005
530
153
439
38
40
562
903
417
69
852
483
713
758
621
610
829
616
415
872
212
246
143
860
1031
113
894
122
664
504
834
629
881
402
968
152
617
615
796
418
563
461
245
982
14
753
1012
366
878
1009
187
278
320
251
198
622
944
539
218
336
793
587
221
846
347
776
127
900
602
961
598
386
599
438
843
941
475
134
830
442
250
752
50
162
497
677
715
208
413
493
372
600
317
545
362
576
57
355
123
712
196
17
1020
802
296
939
967
675
275
980
272
150
2
311
237
279
378
478
274
515
308
197
647
97
651
905
662
871
155
472
695
36
809
61
81
262
590
136
772
106
928
874
41
732
484
828
1036
306
866
344
68
261
821
1010
182
276
507
500
1032
283
288
450
157
423
353
975
78
132
536
190
1004
210
804
885
216
689
682
581
200
669
25
976
206
241
73
310
92
609
981
350
58
972
913
159
527
398
755
167
763
580
381
892
771
836
114
655
401
414
286
492
937
473
859
625
568
1007
966
880
169
383
307
84
531
239
895
870
4
459
999
501
876
1003
896
637
496
9
671
822
65
47
986
889
282
37
111
56
324
593
1028
301
363
151
594
293
54
724
927
735
914
502
533
888
640
125
230
825
737
482
89
351
458
605
934
124
768
8
851
592
930
271
107
897
899
740
349
16
465
687
697
224
139
823
361
486
748
87
186
108
849
643
820
498
425
449
43
585
375
222
865
571
338
987
579
488
670
342
810
118
521
335
90
569
517
694
984
140
138
969
773
435
370
28
963
700
854
480
553
98
64
994
194
904
1035
511
688
471
120
853
891
354
573
80
555
549
240
7
799
242
303
794
543
389
1034
12
30
51
298
326
931
21
902
503
845
74
238
145
723
657
146
305
572
734
556
104
702
79
457
815
514
316
394
761
705
1033
235
767
548
295
339
409
13
341
844
812
100
32
886
1017
3
783
455
179
20
399
334
510
285
841
130
313
925
920
76
708
660
728
550
703
644
270
71
86
27
166
717
485
0
1014
82
260
964
639
811
973
787
971
608
369
826
160
779
188
923
1039
149
727
410
979
67
346
22
105
918
26
148
583
291
733
468
35
505
641
207
586
300
998
494
542
636
444
792
868
595
1037
256
775
882
393
325
795
99
380
824
696
211
177
1029
584
39
331
678
537
1001
722
532
379
534
798
66
405
19
460
653
978
309
447
94
161
958
546
284
577
70
955
566
574
243
85
469
83
491
332
803
835
720
59
53
154
985
965
564
912
215
764
385
623
857
374
228
635
368
365
248
481
1024
557
786
954
750
358
121
454
24
535
614
525
170
101
249
887
267
645
730
778
229
919
578
597
714
749
770
495
940
711
959
23
137
997
424
607
565
173
1022
377
322
862
766
427
388
780
135
323
906
831
805
277
743
726
96
541
55
437
759
813
741
440
470
582
63
666
1018
850
847
807
1008
412
1041
452
192
244
397
509
910
223
273
359
315
926
400
432
731
869
993
75
738
558
217
916
234
462
1011
519
193
744
575
791
924
840
522
31
756
202
231
411
253
947
499
257
814
988
165
808
44
945
977
451
589
1
658
176
848
115
538
175
318
164
280
960
797
877
1023
185
638
659
942
431
691
649
950
818
827
652
816
360
443
646
254
949
837
258
781
269
205
1019
48
299
392
513
858
806
785
312
855
352
544
297
765
751
489
429
632
314
983
382
626
679
