513
235
264
412
391
1039
425
804
791
320
359
364
149
1013
946
582
323
923
700
406
528
545
967
595
694
51
336
56
183
964
978
742
763
479
971
422
709
672
621
224
708
911
829
447
954
813
753
125
952
398
299
637
483
258
871
178
228
682
496
72
139
111
495
561
1000
606
546
960
956
256
710
1006
229
744
830
977
884
434
4
34
13
609
393
115
896
852
766
870
414
776
577
632
303
622
439
555
500
515
951
267
49
475
419
503
70
603
1029
209
213
1002
733
615
386
662
519
89
301
859
174
937
611
16
376
42
130
182
168
916
939
241
421
487
861
297
175
472
935
620
428
417
315
326
432
666
826
37
767
803
248
1027
702
925
245
53
738
998
23
948
757
995
279
170
332
284
511
131
770
142
592
556
237
494
482
838
18
741
257
687
661
60
750
350
573
779
181
259
134
153
982
1015
144
201
99
82
801
218
484
85
348
1031
931
897
400
728
38
529
116
768
458
342
786
276
512
6
3
596
369
390
380
324
177
1021
811
1012
554
249
516
624
532
453
263
61
676
266
198
542
401
955
55
395
533
617
845
924
499
101
764
522
735
371
200
353
581
999
953
740
899
234
839
778
199
150
382
365
110
172
692
987
271
108
823
523
648
930
415
106
331
21
633
625
724
705
244
626
205
690
683
208
25
821
12
674
797
677
889
664
317
441
169
850
461
423
599
819
988
341
240
748
891
27
262
418
232
480
874
649
100
440
944
275
140
252
943
352
162
313
601
465
652
579
747
858
904
283
892
286
285
961
493
642
339
893
1026
833
362
193
846
222
774
832
54
246
309
155
598
378
340
907
321
543
66
48
635
216
355
210
329
994
881
732
629
879
553
909
760
179
781
688
473
370
713
265
368
424
745
551
973
969
372
619
993
623
855
127
562
754
737
185
65
929
274
975
351
268
445
809
126
614
908
255
64
470
327
459
247
91
242
360
591
792
1004
799
466
57
972
438
98
641
302
78
869
587
128
226
718
827
215
426
671
59
471
717
761
152
95
723
616
36
411
651
691
29
291
50
497
938
544
903
433
675
79
357
35
645
612
936
524
92
970
230
775
864
743
934
225
217
325
290
905
427
431
394
1009
74
243
19
919
586
160
469
557
474
1
1020
1030
498
640
28
680
890
888
1007
261
945
914
670
312
492
731
992
1032
250
673
344
367
531
831
33
455
186
383
941
1016
476
843
812
173
20
668
392
11
736
627
221
847
117
521
450
358
468
1041
949
273
1001
347
32
489
96
1033
184
389
534
572
194
857
304
384
895
129
190
151
685
107
436
765
913
437
405
575
40
928
798
940
932
777
203
722
985
966
322
197
334
272
630
0
207
783
762
594
758
518
1028
47
659
721
655
808
114
223
448
14
294
333
429
866
980
204
789
1025
548
41
585
31
984
388
7
853
164
707
825
220
306
950
873
319
704
886
76
104
281
793
841
697
2
73
877
584
387
739
727
375
693
541
983
818
86
24
696
530
576
1034
563
569
997
148
296
660
328
876
308
887
654
906
878
119
817
26
610
784
782
1018
613
559
446
535
947
481
540
270
161
310
902
1003
293
464
915
550
656
602
771
712
444
807
634
752
1036
8
349
467
510
112
525
828
639
537
646
337
508
269
109
361
865
385
571
1011
564
88
989
565
231
157
30
211
699
374
1038
462
851
44
454
805
133
478
335
202
922
165
1042
45
749
118
605
653
239
154
689
963
366
84
795
166
416
900
816
679
684
81
800
536
356
527
46
122
597
410
769
238
452
746
730
158
991
278
719
604
957
901
643
785
188
159
962
720
910
485
463
9
560
363
780
87
397
289
132
1017
233
143
214
219
93
295
346
681
806
58
849
578
885
505
318
90
715
187
695
345
147
958
796
860
420
608
580
894
636
138
298
538
146
927
163
686
926
665
136
862
227
287
80
1005
854
254
1008
638
794
979
52
883
976
399
1035
62
137
156
921
354
669
974
167
898
815
959
176
442
837
678
292
756
15
288
835
583
734
918
618
1023
647
842
588
314
1024
408
526
83
402
814
