117
1016
758
363
734
832
667
429
732
254
264
24
100
312
664
335
190
956
281
285
995
131
779
4
892
721
573
974
531
183
556
306
11
919
680
982
775
277
378
545
567
267
178
377
145
408
491
1011
151
535
550
320
164
622
104
594
405
84
588
677
692
198
994
59
915
818
262
965
465
395
930
788
808
913
500
316
461
551
634
546
1021
627
869
83
506
937
953
222
418
568
669
489
587
614
325
792
890
492
897
689
572
833
323
39
842
828
287
469
411
996
359
57
2
639
355
496
1026
199
336
1019
742
785
78
16
170
40
727
590
671
155
533
939
152
835
261
858
662
510
509
829
837
98
297
174
548
757
901
976
290
863
813
142
612
561
246
302
708
365
340
656
23
370
253
782
419
368
574
643
710
986
720
60
872
804
255
985
176
687
898
445
1005
921
759
159
893
904
9
412
79
857
825
851
503
799
8
455
88
723
196
918
859
1001
177
809
555
1015
617
124
690
414
564
498
584
504
973
371
1035
483
480
375
526
136
248
457
955
713
283
949
194
1020
530
756
459
217
744
21
1017
33
111
881
1010
212
814
391
122
722
1034
451
158
37
641
271
660
137
950
997
101
880
80
292
840
1007
900
333
318
372
143
214
989
226
705
0
481
310
525
102
291
737
850
610
259
473
781
554
47
920
647
603
186
415
917
805
251
958
847
1040
822
257
959
242
657
433
150
621
990
826
437
211
933
43
688
486
245
553
978
565
163
860
854
984
307
577
1024
38
812
595
472
626
1
668
652
605
798
65
402
379
394
227
192
653
171
793
1003
946
703
339
167
877
77
911
191
598
912
475
998
746
439
294
932
249
89
132
501
392
157
928
413
420
964
1006
220
624
927
314
141
1037
48
716
319
52
729
303
675
387
739
218
613
971
991
479
700
730
1023
838
421
230
909
188
403
66
22
386
882
578
693
301
924
654
768
753
521
961
636
322
797
800
848
638
894
747
862
645
341
697
444
820
462
1002
502
25
922
522
999
790
180
499
540
885
76
861
980
147
90
776
940
1032
683
463
32
49
987
751
569
938
434
381
607
771
471
295
6
265
466
942
619
41
780
673
686
876
385
762
383
712
85
707
944
50
179
231
53
992
274
1038
741
523
807
208
397
787
317
536
560
676
542
777
604
382
63
856
327
685
366
629
846
960
593
422
580
879
478
934
276
125
330
309
488
823
665
329
544
166
349
728
293
733
903
740
237
36
547
616
187
425
256
169
778
367
28
637
981
591
910
331
736
715
520
699
527
202
288
313
185
963
31
72
235
236
1041
576
233
724
430
886
476
802
207
853
586
801
108
384
772
406
755
889
575
279
748
649
272
1031
44
931
96
223
428
1008
448
252
661
432
691
726
694
86
870
315
195
357
270
121
424
979
679
852
761
438
109
1025
204
752
93
358
144
640
426
635
300
767
811
839
189
682
5
957
914
140
153
138
148
324
615
678
81
608
443
454
458
628
873
791
348
796
571
440
156
864
215
401
497
764
549
400
94
923
841
631
161
305
203
210
19
760
1033
71
916
1018
250
376
269
112
681
887
149
75
30
537
74
284
298
446
983
743
64
362
830
247
719
91
508
449
343
895
855
532
73
844
42
46
516
280
123
601
962
773
224
868
774
354
941
26
517
326
651
95
221
470
165
908
725
219
655
200
891
268
289
597
304
935
467
875
410
947
993
228
127
815
129
754
524
968
396
625
659
493
342
684
518
495
160
374
644
282
505
205
115
717
51
589
436
970
201
507
905
663
513
701
273
243
453
966
389
632
360
765
620
1028
899
266
134
441
173
114
118
596
107
735
618
126
258
347
709
14
1013
558
423
346
393
225
369
238
452
128
456
209
181
69
704
794
810
239
34
229
1042
116
460
609
299
702
350
328
68
353
97
952
582
364
884
13
845
883
630
806
534
442
29
110
10
718
817
646
352
770
103
286
541
539
106
278
606
769
373
87
849
263
988
538
15
35
1012
943
783
216
332
951
581
766
27
130
834
1039
888
795
557
55
592
113
602
82
308
12
878
482
58
146
666
896
468
485
611
356
583
562
