388
991
762
619
161
162
58
901
623
735
20
1011
865
219
188
190
317
543
449
303
636
143
305
382
476
817
207
535
616
47
634
176
66
988
1006
842
319
100
712
459
126
516
34
946
271
691
328
544
571
193
1012
808
977
929
622
958
90
205
45
343
408
284
862
374
294
566
147
835
76
1029
803
210
4
850
737
760
801
78
377
121
898
651
350
65
330
346
761
665
923
494
125
743
792
585
804
514
546
446
25
113
32
664
333
531
945
261
431
787
241
82
306
171
970
845
662
909
838
198
931
563
843
934
337
116
242
450
854
895
7
532
438
236
129
360
984
344
545
730
386
1016
1003
265
520
316
298
39
639
526
54
292
947
253
154
512
1028
256
702
791
250
758
394
661
666
564
94
872
345
196
42
618
709
16
539
239
679
183
723
414
976
146
367
119
964
914
276
693
855
584
558
258
98
936
939
663
365
376
759
933
921
812
672
87
170
937
632
9
107
695
3
173
577
724
683
240
746
255
353
781
680
885
688
594
101
398
285
264
1018
422
927
656
829
523
601
509
209
756
301
26
676
187
983
997
956
399
17
969
454
1009
1005
884
314
413
882
339
178
581
975
726
593
103
640
1034
148
538
907
773
727
732
384
311
840
839
897
951
525
513
826
673
728
823
920
357
397
95
597
38
481
560
299
610
31
43
857
383
135
541
799
226
645
89
57
552
562
660
757
1021
529
341
827
282
460
81
27
1004
870
721
432
182
165
266
573
747
690
293
995
771
576
631
440
259
379
790
14
127
52
48
891
736
490
109
504
489
186
457
424
643
668
53
403
653
519
893
696
174
77
677
29
609
982
600
415
681
475
569
985
409
1007
944
212
75
114
19
110
718
83
342
881
24
853
304
138
739
657
915
776
841
302
199
788
847
1036
437
396
813
364
971
894
452
784
786
118
942
517
864
338
932
416
10
949
105
340
994
993
592
649
468
310
352
703
782
821
819
104
503
67
568
463
919
371
136
158
794
635
120
93
729
80
859
734
92
99
1032
402
395
848
989
1031
778
405
97
806
579
447
941
134
505
11
486
63
145
144
675
772
604
1008
401
300
902
243
1010
12
1017
51
918
548
1038
86
574
1014
537
646
716
472
641
602
926
56
290
980
912
471
630
287
214
480
372
603
91
1020
1027
719
550
325
836
708
185
938
849
978
749
621
435
960
886
50
30
392
830
1030
172
606
404
1001
866
861
479
430
279
68
883
825
1042
1040
559
779
966
868
252
461
153
974
612
235
687
624
366
137
689
518
783
515
873
554
565
892
418
157
33
767
626
714
225
160
13
361
596
410
445
922
356
510
800
411
633
879
973
168
952
493
267
466
1019
496
327
648
246
85
152
151
179
164
667
208
359
911
485
697
200
218
46
197
291
206
111
142
483
231
389
527
717
44
816
652
106
896
950
70
296
822
768
221
238
400
501
638
391
484
770
41
277
744
916
530
553
132
465
556
269
288
412
21
348
237
355
155
913
625
713
815
522
117
575
614
775
453
163
312
387
686
599
378
1026
642
262
130
191
274
201
222
320
213
924
102
561
444
1023
149
441
996
887
844
286
216
710
955
589
607
318
798
227
362
467
542
272
141
655
324
620
192
508
580
61
375
175
71
1025
368
846
289
733
805
647
499
451
385
957
869
987
156
766
963
220
72
774
611
874
180
824
245
204
211
837
707
557
421
903
436
856
474
427
497
332
780
540
260
925
433
591
935
684
131
968
685
358
167
818
678
572
908
811
181
334
278
769
35
627
795
899
381
858
122
877
140
443
820
177
254
752
751
700
738
583
280
393
215
943
629
448
495
981
166
637
534
669
15
890
962
595
731
953
740
159
588
650
442
763
965
948
462
88
1033
834
108
930
876
507
578
370
49
321
793
1
322
406
536
940
329
326
750
456
229
469
112
194
521
425
928
347
613
692
8
704
203
1002
139
423
60
1037
547
644
55
785
247
900
234
223
28
524
608
59
797
478
555
470
426
605
150
195
889
992
434
307
725
482
23
169
789
741
36
268
281
720
6
74
860
249
715
308
69
351
755
888
878
528
671
96
336
809
586
