17
927
295
310
824
338
899
465
569
370
115
148
463
763
479
617
350
473
192
426
136
38
83
221
571
684
615
601
349
398
420
711
153
826
39
643
160
808
273
807
299
681
993
959
172
354
92
725
712
949
319
189
35
389
1005
606
928
541
762
402
1034
412
147
945
62
95
491
0
721
400
746
635
967
82
646
626
368
353
14
869
780
366
510
598
287
289
1026
470
69
379
43
25
838
846
278
250
267
1030
750
638
971
417
203
785
478
122
30
292
863
263
462
249
441
957
293
59
195
134
167
977
589
1037
760
362
973
935
1011
586
382
449
113
872
948
336
435
345
842
372
501
677
678
891
766
297
652
972
355
40
672
716
565
740
408
720
636
577
393
1004
676
943
995
241
231
383
406
663
1015
500
439
51
1013
1020
688
151
924
518
650
105
765
130
438
723
853
236
346
409
526
1018
471
905
828
81
1006
963
91
550
2
524
966
682
118
560
303
525
665
999
777
394
829
344
709
330
527
528
466
376
108
331
958
542
781
514
93
11
929
403
821
952
911
112
434
37
78
940
878
388
168
358
1032
254
486
359
202
902
436
523
986
4
815
369
926
252
882
623
554
775
194
698
653
922
285
530
320
63
537
534
45
396
271
1008
536
32
656
496
68
191
373
583
802
539
211
407
620
41
97
834
738
969
474
34
283
468
327
582
689
556
460
237
109
801
242
1019
8
397
996
374
535
181
705
88
956
992
223
415
895
817
604
443
844
640
546
532
531
309
819
694
644
13
754
602
390
499
894
883
575
551
592
277
741
816
228
687
855
661
960
757
176
874
423
156
717
183
885
270
1003
925
290
64
280
275
773
790
619
1031
700
540
1014
371
695
893
357
670
825
923
654
841
146
727
116
497
411
86
612
158
799
304
380
154
941
219
939
52
196
421
18
399
1035
452
33
227
422
798
668
201
680
913
515
574
106
262
266
796
627
850
840
259
28
649
837
281
1012
199
458
901
294
348
60
779
10
979
933
875
1016
282
641
365
3
171
163
573
659
937
433
229
889
159
697
696
138
903
618
387
747
904
607
631
96
628
475
312
722
503
413
381
260
48
230
533
461
170
664
103
305
493
800
731
719
896
880
123
793
70
897
351
450
31
323
519
324
145
639
593
1042
857
833
998
100
749
61
914
597
47
755
127
352
968
761
143
994
759
425
135
685
378
274
476
887
335
73
248
552
482
391
769
734
180
114
186
797
823
735
982
120
217
124
481
858
85
337
591
892
442
655
214
90
737
962
608
507
918
576
908
107
624
119
701
864
316
395
9
347
1038
360
401
74
934
675
50
557
215
386
1002
942
756
660
657
739
430
110
1027
666
783
852
742
89
978
20
117
24
714
1025
131
361
997
621
543
56
101
812
184
770
243
416
622
459
699
818
830
642
224
126
477
633
946
233
690
157
144
26
12
529
265
257
375
954
174
220
578
662
856
483
205
111
881
453
16
94
58
258
286
504
910
648
603
484
803
611
472
208
951
502
79
1000
87
715
457
255
517
166
580
210
932
862
137
693
558
1010
239
795
102
743
405
296
820
950
729
870
177
19
308
505
726
44
814
983
291
703
909
835
813
567
679
545
84
150
753
787
836
809
490
912
251
209
730
99
692
197
868
57
827
605
854
256
794
125
915
487
253
867
561
302
839
244
98
987
512
155
328
245
873
658
437
508
133
806
480
669
424
322
843
404
169
247
67
46
647
1029
805
865
788
732
334
492
745
313
559
222
584
691
596
315
985
432
367
1040
240
708
392
1039
246
272
804
489
585
284
547
175
1017
789
142
494
947
200
187
955
21
630
637
632
876
810
65
522
548
980
1033
448
990
427
218
495
36
568
920
129
318
859
385
936
981
7
164
752
431
970
173
1022
774
898
562
513
718
49
1001
651
768
907
71
594
178
485
300
469
782
207
317
384
454
566
140
132
847
964
919
467
455
511
671
298
965
279
332
301
564
890
572
791
188
410
521
340
198
776
76
1
269
710
713
860
673
549
616
917
563
733
152
916
625
268
744
581
139
414
544
445
6
851
264
686
226
429
629
645
976
444
343
588
930
931
314
778
988
165
190
1007
848
771
440
