815
658
257
788
324
977
43
457
950
471
527
86
441
775
902
335
107
835
408
650
36
309
49
386
271
1033
412
318
226
516
60
299
242
1004
641
897
93
156
700
1020
22
943
61
785
68
266
177
202
114
546
5
824
148
116
453
231
870
6
160
728
159
907
541
449
19
522
986
367
431
862
744
512
247
701
606
474
604
330
682
97
388
600
847
492
655
584
351
146
942
240
222
188
688
54
98
736
760
545
691
331
83
751
761
25
133
476
341
515
8
444
458
827
256
219
90
14
702
361
985
628
376
823
888
139
887
190
1022
161
124
608
1041
1
87
3
79
368
345
563
326
749
265
171
1040
918
85
310
132
860
120
150
72
742
519
707
349
565
92
509
1042
930
556
723
776
686
486
586
879
846
398
866
621
29
75
275
970
962
829
798
478
328
39
647
653
811
232
181
766
661
101
557
920
11
375
595
804
340
808
283
129
864
639
614
41
958
797
642
329
699
455
881
291
448
582
147
625
636
170
826
35
871
506
756
705
424
769
180
500
70
235
734
111
934
989
777
891
562
561
609
839
64
475
810
904
994
730
487
627
768
460
187
89
754
410
980
15
607
941
246
358
528
373
618
464
59
482
127
767
725
65
893
559
254
360
574
794
106
969
163
791
47
573
88
966
733
241
451
224
919
853
452
849
355
1018
17
1010
21
578
42
632
287
260
568
268
96
229
261
673
142
18
10
149
906
662
135
841
651
872
230
411
784
413
984
157
214
789
248
216
1015
877
529
612
276
666
215
370
782
63
312
288
654
489
221
720
308
138
270
875
414
82
1001
9
914
173
882
1011
27
973
109
660
648
210
333
495
498
848
570
708
667
117
485
24
659
504
726
773
965
77
687
923
536
551
45
432
1026
366
359
245
649
417
577
182
234
548
945
450
201
537
540
670
921
80
445
803
1007
164
499
931
158
427
223
58
635
974
304
1024
243
956
394
656
657
113
1036
825
192
539
683
155
244
596
16
438
933
284
136
428
850
819
800
110
929
108
300
53
852
50
940
1019
944
709
336
694
838
597
553
851
643
371
858
30
459
262
503
837
178
524
735
213
770
583
12
352
679
581
951
821
81
403
258
422
237
892
764
31
102
347
469
611
151
898
94
753
196
724
505
379
831
38
780
78
293
883
199
439
619
362
52
208
420
1017
623
490
617
443
816
306
997
874
144
552
465
200
508
305
217
203
714
805
396
399
353
693
325
713
430
253
314
719
572
321
436
981
678
602
521
953
502
795
971
814
483
119
185
67
976
419
832
575
610
404
4
211
903
961
844
426
964
511
972
194
740
20
435
179
165
999
812
905
137
141
174
154
605
912
272
947
646
282
227
286
779
531
859
104
484
996
828
526
712
796
195
729
807
184
916
579
936
590
755
128
273
876
307
955
542
787
569
681
629
731
946
669
380
397
721
99
1003
470
433
281
555
34
915
911
189
206
948
456
382
91
103
48
732
416
535
152
267
207
544
549
437
198
191
303
294
926
616
1023
518
774
620
40
538
1032
220
771
169
0
278
532
332
696
793
952
801
991
1025
806
979
809
2
193
925
56
711
520
479
671
746
62
274
434
510
543
593
894
112
1009
677
745
878
599
995
269
928
689
337
166
631
554
861
525
377
423
1035
298
1002
993
338
263
205
937
409
530
295
932
715
939
889
28
280
869
781
1028
74
218
466
297
395
863
949
344
183
982
672
855
302
279
842
957
886
624
393
501
550
391
252
963
122
383
637
311
33
372
644
145
867
630
663
594
517
313
716
704
255
342
1039
992
400
488
334
792
633
727
130
762
473
685
626
668
922
212
1037
533
365
722
454
763
277
1000
406
987
884
415
392
603
967
143
390
26
162
339
817
988
461
558
69
134
585
494
319
204
845
865
856
1029
738
125
346
315
854
834
843
622
289
301
665
1012
576
32
778
560
909
233
363
343
480
292
168
1008
783
76
23
481
748
285
1031
566
55
589
374
131
750
440
462
523
799
153
44
1014
857
924
385
580
513
900
895
534
250
739
868
890
1027
259
765
640
759
1038
357
676
322
51
1016
126
935
786
818
690
547
692
387
425
378
675
405
421
402
697
684
514
613
249
