1.00000000
0.94114379
0.85462933
0.79570167
0.77368445
0.76178278
0.75241660
0.74617248
0.73992836
0.73368424
0.72744012
0.72431806
0.72119599
0.71182981
0.70246363
0.69934157
0.68373127
0.68060921
0.67748715
0.67124303
0.64002242
0.63690036
0.62753418
0.62129006
0.61504593
0.61192387
0.60880181
0.60255769
0.59943563
0.58881590
0.54542947
0.54507245
0.54197545
0.53887845
0.53578145
0.52226811
0.51923167
0.51315878
0.50404946
0.50101302
0.48886724
0.48583080
0.47975791
0.47672147
0.45242994
0.42813839
0.39777397
0.39170109
0.38866464
0.38259175
0.37044598
0.36740954
0.36437310
0.33097223
0.32793579
0.32186290
0.31275358
0.30668069
0.30060781
0.29149848
0.28846204
0.27327982
0.17814454
0.17414130
0.13225533
0.09291490
0.07172904
0.04564575
0.03633029
0.03580644
0.00918114
0.00882727
0.00862372
0.00767161
0.00731608
0.00668205
0.00611722
0.00531136
0.00389107
0.00389107
0.00389107
0.00389107
0.00389107
0.00389107
0.00389107
0.00389107
0.00389107
0.00389107
0.00389107
0.00389107
0.00389107
0.00389107
0.00389107
0.00389107
0.00389107
0.00389107
0.00389107
0.00389107
0.00389107
0.00389107
0.00389107
0.00389107
0.00389107
0.00389107
0.00389107
0.00389107
0.00389107
0.00389107
0.00389107
0.00389107
0.00389107
0.00389107
0.00389107
0.00389107
0.00389107
0.00389107
0.00389107
0.00389107
0.00389107
0.00389107
0.00389107
0.00389107
0.00389107
0.00389107
0.00389107
0.00389107
0.00389107
0.00389107
0.00389107
0.00389106
0.00389106
0.00389106
0.00389106
0.00389106
0.00389106
0.00389106
0.00389106
0.00389106
0.00389106
0.00389106
0.00389106
0.00389106
0.00389106
0.00389106
0.00389106
0.00389106
0.00389106
0.00389106
0.00389106
0.00389106
0.00389106
0.00389106
0.00389106
0.00389106
0.00389106
0.00389106
0.00389106
0.00389106
0.00389106
0.00389106
0.00389106
0.00389106
0.00389106
0.00389106
0.00389106
0.00389106
0.00389106
0.00389106
0.00389106
0.00389106
0.00389106
0.00389106
0.00389106
0.00389106
0.00389106
0.00389106
0.00389106
0.00389106
0.00389106
0.00389106
0.00389106
0.00389106
0.00389106
0.00389106
0.00389106
0.00389106
0.00389106
0.00389106
0.00389106
0.00389106
0.00389106
0.00389106
0.00389106
0.00389106
0.00389106
0.00389106
0.00389106
0.00389106
0.00389106
0.00389106
0.00389106
0.00389106
0.00389106
0.00389106
0.00389106
0.00389106
0.00389106
0.00389106
0.00389106
0.00389106
0.00389106
0.00389106
0.00389106
0.00389106
0.00389106
0.00389106
0.00389106
0.00389106
0.00389106
0.00389106
0.00389106
0.00389106
0.00389106
0.00389106
0.00389106
0.00389106
0.00389106
0.00389106
0.00389106
0.00389105
0.00389105
0.00389105
0.00389105
0.00389105
0.00389105
0.00389105
0.00389105
0.00389105
0.00389105
0.00389105
0.00389105
0.00389105
0.00389105
0.00389105
0.00389105
0.00389105
0.00389105
0.00389105
0.00389105
0.00389105
0.00389105
0.00389105
0.00389105
0.00389105
0.00389105
0.00389105
0.00389105
0.00389105
0.00389105
0.00389105
0.00389105
0.00389105
0.00389105
0.00389105
0.00389105
0.00389105
0.00389105
0.00389105
0.00389105
0.00389105
0.00389105
0.00389105
0.00389105
0.00389105
0.00389105
0.00389105
0.00389105
0.00389105
0.00389105
