1.00000000
0.91098762
0.89045684
0.78605597
0.78519501
0.78509094
0.78457360
0.76821683
0.76737357
0.76653030
0.76124188
0.76040443
0.74561321
0.74203477
0.74121574
0.73957770
0.73875868
0.73593657
0.73185258
0.73171170
0.73154747
0.72410219
0.72248408
0.72167503
0.70437280
0.69743721
0.69665358
0.68342576
0.67385562
0.66601226
0.66241753
0.65106481
0.65017138
0.63309481
0.62651843
0.62580971
0.61574374
0.61521578
0.61451905
0.60044436
0.59976281
0.59635506
0.58368841
0.57447900
0.57316289
0.57278403
0.56182233
0.55420961
0.54041064
0.52864914
0.52743245
0.52220719
0.51641961
0.51582328
0.51522695
0.51100816
0.50789224
0.50516023
0.48142991
0.48079005
0.46924882
0.46826676
0.46509223
0.46440633
0.46241513
0.45510963
0.45458044
0.45115993
0.41355560
0.41307304
0.41034407
0.39641159
0.39262700
0.39216617
0.38306220
0.38277940
0.38180862
0.35904865
0.35059086
0.34992897
0.34951583
0.34874682
0.33630313
0.31993514
0.31804203
0.30828387
0.30744961
0.30708360
0.30659174
0.30620918
0.28727761
0.26799962
0.23561720
0.22855326
0.22789141
0.21389622
0.19834131
0.19608114
0.19584574
0.18634942
0.18405708
0.18316065
0.18272789
0.17222142
0.15663414
0.15644335
0.15600067
0.15109103
0.14611530
0.14593689
0.13444113
0.11311692
0.11297829
0.11200793
0.11186931
0.11173068
0.11155420
0.11100058
0.11058536
0.11044696
0.11030855
0.11017015
0.10989334
0.10960204
0.10934620
0.10746874
0.10733321
0.10481435
0.05139424
0.05110783
0.05070387
0.03749280
0.03077029
0.02465497
0.02459215
0.02412498
0.02409417
0.02406336
0.02337608
0.02334615
0.02246817
0.02229534
0.02027073
0.01339685
0.01337896
0.01334319
0.01181611
0.01172989
0.01171413
0.01169836
0.01156099
0.01151419
0.01144054
0.01142501
0.01136725
0.01125899
0.01124352
0.01122806
0.01121259
0.01115073
0.01111980
0.01110433
0.01069398
0.01025115
0.00959184
0.00957848
0.00951169
0.00949833
0.00948497
0.00947161
0.00902536
0.00792498
0.00780149
0.00688962
0.00633123
0.00546283
0.00545505
0.00502982
0.00450958
0.00450314
0.00363833
0.00363313
0.00296223
0.00273994
0.00186092
0.00185825
0.00185559
0.00185293
0.00185027
0.00160985
0.00160754
0.00109182
0.00109182
0.00109182
0.00109182
0.00109182
0.00109182
0.00109182
0.00109182
0.00109182
0.00109182
0.00109182
0.00109182
0.00109182
0.00109182
0.00109182
0.00109182
0.00109182
0.00109182
0.00109182
0.00109182
0.00109182
0.00109182
0.00109182
0.00109182
0.00109182
0.00109182
0.00109182
0.00109182
0.00109182
0.00109182
0.00109182
0.00109182
0.00109182
0.00109182
0.00109182
0.00109182
0.00109182
0.00109182
0.00109182
0.00109182
0.00109182
0.00109182
0.00109182
0.00109182
0.00109182
0.00109182
0.00109182
0.00109182
0.00109182
0.00109182
0.00109182
0.00109182
0.00109182
0.00109182
0.00109182
0.00109182
0.00109182
0.00109182
0.00109182
0.00109181
0.00109181
0.00109181
0.00109181
0.00109181
0.00109181
0.00109181
0.00109181
0.00109181
0.00109181
0.00109181
0.00109181
0.00109181
0.00109181
0.00109181
0.00109181
0.00109181
0.00109181
0.00109181
0.00109181
0.00109181
0.00109181
0.00109181
0.00109181
0.00109181
0.00109181
0.00109181
0.00109181
0.00109181
0.00109181
0.00109181
0.00109181
0.00109181
0.00109181
0.00109181
0.00109181
0.00109181
0.00109181
0.00109181
0.00109181
0.00109181
0.00109181
0.00109181
0.00109181
0.00109181
0.00109181
0.00109181
0.00109181
0.00109181
0.00109181
0.00109181
0.00109181
0.00109181
0.00109181
0.00109181
0.00109181
0.00109181
0.00109181
0.00109181
0.00109181
0.00109181
0.00109181
0.00109181
0.00109181
0.00109181
0.00109181
0.00109181
0.00109181
0.00109181
0.00109181
0.00109181
0.00109181
0.00109181
0.00109181
0.00109181
0.00109181
0.00109181
0.00109181
0.00109181
0.00109181
0.00109181
0.00109181
0.00109181
0.00109181
0.00109181
0.00109181
0.00109181
0.00109181
0.00109181
0.00109181
0.00109181
0.00109181
0.00109181
0.00109181
0.00109181
0.00109181
0.00109181
0.00109181
0.00109181
0.00109181
0.00109180
0.00109180
0.00109180
0.00109180
0.00109180
0.00109180
0.00109180
0.00109180
0.00109180
0.00109180
0.00109180
0.00109180
0.00109180
0.00109180
0.00109180
0.00109180
0.00109180
0.00109180
0.00109180
0.00109180
0.00109180
0.00109180
0.00109180
0.00109180
0.00109180
0.00109180
0.00109180
0.00109180
0.00109180
0.00109180
0.00109180
0.00109180
0.00109180
0.00109180
0.00109180
0.00109180
0.00109180
0.00109180
0.00109180
0.00109180
0.00109180
0.00109180
0.00109180
0.00109180
0.00109180
0.00109180
0.00109180
0.00109180
0.00109180
0.00109180
0.00109180
0.00109180
0.00109180
0.00109180
0.00109180
0.00109180
0.00109180
0.00109180
0.00109180
0.00109180
0.00109180
0.00109180
0.00109180
0.00109180
0.00109180
0.00109180
0.00109180
0.00109180
0.00109180
0.00109180
0.00109180
0.00109180
0.00109180
0.00109180
0.00109180
0.00109180
0.00109180
0.00109180
0.00109180
0.00109180
0.00109180
0.00109180
0.00109180
0.00109180
0.00109180
0.00109180
0.00109180
0.00109180
0.00109180
0.00109180
0.00109180
0.00109180
0.00109180
0.00109180
0.00109180
0.00109180
0.00109180
0.00109180
0.00109180
0.00109180
0.00109179
0.00109179
0.00109179
0.00109179
0.00109179
0.00109179
0.00109179
0.00109179
0.00109179
0.00109179
0.00109179
0.00109179
0.00109179
0.00109179
0.00109179
0.00109179
0.00109179
0.00109179
0.00109179
0.00109179
0.00109179
0.00109179
0.00109179
0.00109179
0.00109179
0.00109179
0.00109179
0.00109179
0.00109179
0.00109179
0.00109179
0.00109179
0.00109179
0.00109179
0.00109179
0.00109179
0.00109179
0.00109179
0.00109179
0.00109179
0.00109179
0.00109179
0.00109179
0.00109179
0.00109179
0.00109179
0.00109179
0.00109179
0.00109179
0.00109179
0.00109179
0.00109179
0.00109179
0.00109179
0.00109179
0.00109179
0.00109179
0.00109179
0.00109179
0.00109179
0.00109179
0.00109179
0.00109179
0.00109179
0.00109179
0.00109179
0.00109179
0.00109179
0.00109179
0.00109179
0.00109179
0.00109179
0.00109179
0.00109179
0.00109179
0.00109179
0.00109179
0.00109179
0.00109179
0.00109179
0.00109179
0.00109179
0.00109179
0.00109179
0.00109179
0.00109179
0.00109179
0.00109179
0.00109179
0.00109179
0.00109179
0.00109179
0.00109179
0.00109179
0.00109179
0.00109179
0.00109179
0.00109179
0.00109179
0.00109179
0.00109178
0.00109178
0.00109178
0.00109178
0.00109178
0.00109178
0.00109178
0.00109178
0.00109178
0.00109178
0.00109178
0.00109178
0.00109178
0.00109178
0.00109178
0.00109178
0.00109178
0.00109178
0.00109178
0.00109178
0.00109178
0.00109178
0.00109178
0.00109178
0.00109178
0.00109178
0.00109178
0.00109178
0.00109178
0.00109178
0.00109178
0.00109178
0.00109178
0.00109178
0.00109178
0.00109178
0.00109178
0.00109178
0.00109178
0.00109178
0.00109178
0.00109178
0.00109178
0.00109178
0.00109178
0.00109178
0.00109178
0.00109178
0.00109178
0.00109178
0.00109178
0.00109178
0.00109178
0.00109178
0.00109178
0.00109178
0.00109178
0.00109178
0.00109178
0.00109178
0.00109178
0.00109178
0.00109178
0.00109178
0.00109178
0.00109178
0.00109178
0.00109178
0.00109178
0.00109178
0.00109178
0.00109178
0.00109178
0.00109178
0.00109178
0.00109178
0.00109178
0.00109178
0.00109178
0.00109178
0.00109178
0.00109178
0.00109178
0.00109178
0.00109178
0.00109178
0.00109178
0.00109178
0.00109178
0.00109178
0.00109178
0.00109178
0.00109178
0.00109178
0.00109178
0.00109178
0.00109178
0.00109178
0.00109178
0.00109178
0.00109177
0.00109177
0.00109177
0.00109177
0.00109177
0.00109177
0.00109177
0.00109177
0.00109177
0.00109177
0.00109177
0.00109177
0.00109177
0.00109177
0.00109177
0.00109177
0.00109177
0.00109177
0.00109177
0.00109177
0.00109177
0.00109177
0.00109177
0.00109177
0.00109177
0.00109177
0.00109177
0.00109177
0.00109177
0.00109177
0.00109177
0.00109177
0.00109177
0.00109177
0.00109177
0.00109177
0.00109177
0.00109177
0.00109177
0.00109177
0.00109177
0.00109177
0.00109177
0.00109177
0.00109177
0.00109177
0.00109177
0.00109177
0.00109177
0.00109177
0.00109177
0.00109177
0.00109177
0.00109177
0.00109177
0.00109177
0.00109177
0.00109177
0.00109177
0.00109177
0.00109177
0.00109177
0.00109177
0.00109177
0.00109177
0.00109177
0.00109177
0.00109177
0.00109177
0.00109177
0.00109177
0.00109177
0.00109177
0.00109177
0.00109177
0.00109177
0.00109177
0.00109177
0.00109177
0.00109177
0.00109177
0.00109177
0.00109177
0.00109177
0.00109177
0.00109177
0.00109177
0.00109177
0.00109177
0.00109177
0.00109177
0.00109177
0.00109177
0.00109177
0.00109177
0.00109177
0.00109177
0.00109177
0.00109177
0.00109177
0.00109176
0.00109176
0.00109176
0.00109176
0.00109176
0.00109176
0.00109176
0.00109176
0.00109176
0.00109176
0.00109176
0.00109176
0.00109176
0.00109176
0.00109176
0.00109176
0.00109176
0.00109176
0.00109176
0.00109176
0.00109176
0.00109176
0.00109176
0.00109176
0.00109176
0.00109176
0.00109176
0.00109176
0.00109176
0.00109176
0.00109176
0.00109176
0.00109176
0.00109176
0.00109176
0.00109176
0.00109176
0.00109176
0.00109176
0.00109176
0.00109176
0.00109176
0.00109176
0.00109176
0.00109176
0.00109176
0.00109176
0.00109176
0.00109176
0.00109176
0.00109176
0.00109176
0.00109176
0.00109176
0.00109176
0.00109176
0.00109176
0.00109176
0.00109176
0.00109176
0.00109176
0.00109176
0.00109176
0.00109176
0.00109176
0.00109176
0.00109176
0.00109176
0.00109176
0.00109176
0.00109176
0.00109176
0.00109176
0.00109176
0.00109176
0.00109176
0.00109176
0.00109176
0.00109176
0.00109176
0.00109176
0.00109176
0.00109176
0.00109176
0.00109176
0.00109176
0.00109176
0.00109176
0.00109176
0.00109176
0.00109176
0.00109176
0.00109176
0.00109176
0.00109176
0.00109176
0.00109176
0.00109176
0.00109176
0.00109176
0.00109175
0.00109175
0.00109175
0.00109175
0.00109175
0.00109175
0.00109175
0.00109175
0.00109175
0.00109175
0.00109175
0.00109175
0.00109175
0.00109175
0.00109175
0.00109175
0.00109175
0.00109175
0.00109175
0.00109175
0.00109175
0.00109175
0.00109175
0.00109175
0.00109175
0.00109175
0.00109175
0.00109175
0.00109175
0.00109175
0.00109175
0.00109175
0.00109175
0.00109175
0.00109175
0.00109175
0.00109175
0.00109175
0.00109175
0.00109175
0.00109175
0.00109175
0.00109175
0.00109175
0.00109175
0.00109175
0.00109175
0.00109175
0.00109175
0.00109175
0.00109175
0.00109175
0.00109175
0.00109175
0.00109175
0.00109175
0.00109175
0.00109175
0.00109175
0.00109175
0.00109175
0.00109175
0.00109175
0.00109175
0.00109175
0.00109175
0.00109175
0.00109175
0.00109175
0.00109175
0.00109175
0.00109175
0.00109175
0.00109175
0.00109175
0.00109175
0.00109175
0.00109175
0.00109175
0.00109175
0.00109175
0.00109175
0.00109175
0.00109175
0.00109175
0.00109175
0.00109175
0.00109175
0.00109175
0.00109175
0.00109175
0.00109175
0.00109175
0.00109175
0.00109175
0.00109175
0.00109175
0.00109175
0.00109175
0.00109175
0.00109174
0.00109174
0.00109174
0.00109174
0.00109174
0.00109174
0.00109174
0.00109174
0.00109174
0.00109174
0.00109174
0.00109174
0.00109174
0.00109174
0.00109174
0.00109174
0.00109174
0.00109174
0.00109174
0.00109174
0.00109174
0.00109174
0.00109174
0.00109174
0.00109174
0.00109174
0.00109174
0.00109174
0.00109174
0.00109174
0.00109174
0.00109174
0.00109174
0.00109174
0.00109174
0.00109174
0.00109174
0.00109174
0.00109174
0.00109174
0.00109174
0.00109174
0.00109174
0.00109174
0.00109174
0.00109174
0.00109174
0.00109174
0.00109174
0.00109174
0.00109174
0.00109174
0.00109174
0.00109174
0.00109174
0.00109174
0.00109174
0.00109174
0.00109174
0.00109174
0.00109174
0.00109174
0.00109174
0.00109174
0.00109174
0.00109174
0.00109174
0.00109174
0.00109174
0.00109174
0.00109174
0.00109174
0.00109174
0.00109174
0.00109174
0.00109174
0.00109174
0.00109174
0.00109174
0.00109174
0.00109174
0.00109174
0.00109174
0.00109174
0.00109174
0.00109174
0.00109174
0.00109174
0.00109174
0.00109174
0.00109174
0.00109174
0.00109174
0.00109174
0.00109174
0.00109174
0.00109174
0.00109174
0.00109174
0.00109174
0.00109173
0.00109173
0.00109173
0.00109173
0.00109173
0.00109173
0.00109173
0.00109173
0.00109173
0.00109173
0.00109173
0.00109173
0.00109173
0.00109173
0.00109173
0.00109173
0.00109173
0.00109173
0.00109173
0.00109173
0.00109173
0.00109173
0.00109173
0.00109173
0.00109173
0.00109173
0.00109173
0.00109173
0.00109173
0.00109173
0.00109173
0.00109173
0.00109173
0.00109173
0.00109173
0.00109173
0.00109173
0.00109173
0.00109173
0.00109173
0.00109173
0.00109173
0.00109173
0.00109173
0.00109173
0.00109173
0.00109173
0.00109173
0.00109173
0.00109173
0.00109173
0.00109173
0.00109173
0.00109173
0.00109173
0.00109173
0.00109173
0.00109173
0.00109173
0.00109173
0.00109173
0.00109173
0.00109173
0.00109173
0.00109173
0.00109173
0.00109173
0.00109173
0.00109173
0.00109173
0.00109173
0.00109173
0.00109173
0.00109173
0.00109173
0.00109173
0.00109173
0.00109173
0.00109173
0.00109173
0.00109173
0.00109173
0.00109173
0.00109173
0.00109173
0.00109173
0.00109173
0.00109173
0.00109173
0.00109173
0.00109173
0.00109173
0.00109173
0.00109173
0.00109173
0.00109173
0.00109173
0.00109173
0.00109173
0.00109173
0.00109172
0.00109172
0.00109172
0.00109172
0.00109172
0.00109172
0.00109172
0.00109172
0.00109172
0.00109172
0.00109172
0.00109172
0.00109172
0.00109172
0.00109172
0.00109172
0.00109172
0.00109172
0.00109172
0.00109172
0.00109172
0.00109172
0.00109172
0.00109172
0.00109172
0.00109172
0.00109172
0.00109172
0.00109172
0.00109172
0.00109172
0.00109172
0.00109172
0.00109172
0.00109172
0.00109172
0.00109172
0.00109172
0.00109172
0.00109172
0.00109172
0.00109172
0.00109172
0.00109172
0.00109172
0.00109172
0.00109172
0.00109172
0.00109172
0.00109172
0.00109172
0.00109172
0.00109172
0.00109172
0.00109172
0.00109172
0.00109172
0.00109172
0.00109172
0.00109172
0.00109172
0.00109172
0.00109172
0.00109172
0.00109172
0.00109172
0.00109172
0.00109172
0.00109172
0.00109172
0.00109172
0.00109172
0.00109172
0.00109172
0.00109172
0.00109172
0.00109172
0.00109172
0.00109172
0.00109172
0.00109172
0.00109172
0.00109172
0.00109172
0.00109172
0.00109172
0.00109172
0.00109172
0.00109172
0.00109172
0.00109172
0.00109172
0.00109172
0.00109172
0.00109172
0.00109172
0.00109172
0.00109172
0.00109172
0.00109172
0.00109171
0.00109171
0.00109171
0.00109171
0.00109171
0.00109171
0.00109171
0.00109171
0.00109171
0.00109171
0.00109171
0.00109171
0.00109171
0.00109171
0.00109171
0.00109171
0.00109171
0.00109171
0.00109171
0.00109171
0.00109171
0.00109171
0.00109171
0.00109171
0.00109171
0.00109171
0.00109171
0.00109171
0.00109171
0.00109171
0.00109171
0.00109171
0.00109171
0.00109171
0.00109171
0.00109171
0.00109171
0.00109171
0.00109171
0.00109171
0.00109171
0.00109171
0.00109171
0.00109171
0.00109171
0.00109171
0.00109171
0.00109171
0.00109171
0.00109171
0.00109171
0.00109171
0.00109171
0.00109171
0.00109171
0.00109171
0.00109171
0.00109171
0.00109171
0.00109171
0.00109171
0.00109171
0.00109171
0.00109171
0.00109171
0.00109171
0.00109171
0.00109171
0.00109171
0.00109171
0.00109171
0.00109171
0.00109171
0.00109171
0.00109171
0.00109171
0.00109171
0.00109171
0.00109171
0.00109171
0.00109171
0.00109171
0.00109171
0.00109171
0.00109171
0.00109171
0.00109171
0.00109171
0.00109171
0.00109171
0.00109171
0.00109171
0.00109171
0.00109171
0.00109171
0.00109171
0.00109171
0.00109171
0.00109171
0.00109171
0.00109170
0.00109170
0.00109170
0.00109170
0.00109170
0.00109170
0.00109170
0.00109170
0.00109170
0.00109170
0.00109170
0.00109170
0.00109170
0.00109170
0.00109170
0.00109170
0.00109170
0.00109170
0.00109170
0.00109170
0.00109170
0.00109170
0.00109170
0.00109170
0.00109170
0.00109170
0.00109170
0.00109170
0.00109170
0.00109170
0.00109170
0.00109170
0.00109170
0.00109170
0.00109170
0.00109170
0.00109170
0.00109170
0.00109170
0.00109170
0.00109170
0.00109170
0.00109170
0.00109170
0.00109170
0.00109170
0.00109170
0.00109170
0.00109170
0.00109170
