1.00000000
0.90536039
0.83898599
0.78429229
0.76394332
0.70917239
0.69212561
0.69055971
0.69025852
0.68838224
0.66256653
0.66105726
0.65954800
0.63733150
0.62836416
0.62465246
0.61108655
0.60823766
0.60111544
0.59200068
0.58637597
0.58356361
0.56979995
0.53495285
0.52777520
0.50258180
0.44737628
0.44628512
0.42277679
0.42173546
0.41965282
0.41341730
0.41239145
0.37468137
0.37399303
0.36764403
0.36034744
0.35054652
0.34637859
0.32589119
0.32167244
0.29806903
0.29730865
0.29306512
0.27812620
0.27741122
0.26014569
0.25947348
0.22729176
0.21651146
0.20345507
0.20006448
0.16603608
0.04727714
0.03240367
0.03231749
0.03223131
0.02801762
0.02733977
0.01486879
0.01482783
0.01255857
0.01217590
0.01214111
0.01210632
0.01207154
0.01172365
0.01168886
0.00939120
0.00545899
0.00537141
0.00535528
0.00530689
0.00529076
0.00527463
0.00525850
0.00521011
0.00519398
0.00517785
0.00516172
0.00514559
0.00512946
0.00511333
0.00508107
0.00506494
0.00466280
0.00464795
0.00461825
0.00460340
0.00457370
0.00455885
0.00454400
0.00452915
0.00414768
0.00410688
0.00372873
0.00371630
0.00356699
0.00267175
0.00266276
0.00265376
0.00264477
0.00260878
0.00259979
0.00259079
0.00258180
0.00256380
0.00255481
0.00254581
0.00251883
0.00250083
0.00248284
0.00246485
0.00245586
0.00244686
0.00242887
0.00222721
0.00222721
0.00222721
0.00222721
0.00222721
0.00222721
0.00222721
0.00222721
0.00222721
0.00222721
0.00222721
0.00222721
0.00222721
0.00222721
0.00222721
0.00222721
0.00222721
0.00222721
0.00222721
0.00222721
0.00222721
0.00222721
0.00222721
0.00222721
0.00222721
0.00222721
0.00222721
0.00222721
0.00222721
0.00222721
0.00222721
0.00222721
0.00222721
0.00222721
0.00222721
0.00222721
0.00222721
0.00222721
0.00222721
0.00222721
0.00222721
0.00222721
0.00222721
0.00222721
0.00222721
0.00222721
0.00222721
0.00222721
0.00222721
0.00222721
0.00222721
0.00222721
0.00222721
0.00222721
0.00222721
0.00222721
0.00222721
0.00222721
0.00222721
0.00222721
0.00222721
0.00222721
0.00222721
0.00222721
0.00222721
0.00222721
0.00222721
0.00222721
0.00222721
0.00222721
0.00222721
0.00222721
0.00222721
0.00222721
0.00222721
0.00222721
0.00222721
0.00222721
0.00222721
0.00222721
0.00222721
0.00222721
0.00222721
0.00222721
0.00222721
0.00222721
0.00222721
0.00222721
0.00222721
0.00222721
0.00222721
0.00222720
0.00222720
0.00222720
0.00222720
0.00222720
0.00222720
0.00222720
0.00222720
0.00222720
0.00222720
0.00222720
0.00222720
0.00222720
0.00222720
0.00222720
0.00222720
0.00222720
0.00222720
0.00222720
0.00222720
0.00222720
0.00222720
0.00222720
0.00222720
0.00222720
0.00222720
0.00222720
0.00222720
0.00222720
0.00222720
0.00222720
0.00222720
0.00222720
0.00222720
0.00222720
0.00222720
0.00222720
0.00222720
0.00222720
0.00222720
0.00222720
0.00222720
0.00222720
0.00222720
0.00222720
0.00222720
0.00222720
0.00222720
0.00222720
0.00222720
0.00222720
0.00222720
0.00222720
0.00222720
0.00222720
0.00222720
0.00222720
0.00222720
0.00222720
0.00222720
0.00222720
0.00222720
0.00222720
0.00222720
0.00222720
0.00222720
0.00222720
0.00222720
0.00222720
0.00222720
0.00222720
0.00222720
0.00222720
0.00222720
0.00222720
0.00222720
0.00222720
0.00222720
0.00222720
0.00222720
0.00222720
0.00222720
0.00222720
0.00222720
0.00222720
0.00222720
0.00222720
0.00222720
0.00222720
0.00222720
0.00222720
0.00222720
0.00222720
0.00222720
0.00222720
0.00222720
0.00222720
0.00222720
0.00222720
0.00222720
0.00222719
0.00222719
0.00222719
0.00222719
0.00222719
0.00222719
0.00222719
0.00222719
0.00222719
0.00222719
0.00222719
0.00222719
0.00222719
0.00222719
0.00222719
0.00222719
0.00222719
0.00222719
0.00222719
0.00222719
0.00222719
0.00222719
0.00222719
0.00222719
0.00222719
0.00222719
0.00222719
0.00222719
0.00222719
0.00222719
0.00222719
0.00222719
0.00222719
0.00222719
0.00222719
0.00222719
0.00222719
0.00222719
0.00222719
0.00222719
0.00222719
0.00222719
0.00222719
0.00222719
0.00222719
0.00222719
0.00222719
0.00222719
0.00222719
0.00222719
0.00222719
0.00222719
0.00222719
0.00222719
0.00222719
0.00222719
0.00222719
0.00222719
0.00222719
0.00222719
0.00222719
0.00222719
0.00222719
0.00222719
0.00222719
0.00222719
0.00222719
0.00222719
0.00222719
0.00222719
0.00222719
0.00222719
0.00222719
0.00222719
0.00222719
0.00222719
0.00222719
0.00222719
0.00222719
0.00222719
0.00222719
0.00222719
0.00222719
0.00222719
0.00222719
0.00222719
0.00222719
0.00222719
0.00222719
0.00222719
0.00222719
0.00222719
0.00222719
0.00222719
0.00222719
0.00222719
0.00222719
0.00222719
0.00222719
0.00222719
0.00222718
0.00222718
0.00222718
0.00222718
0.00222718
0.00222718
0.00222718
0.00222718
0.00222718
0.00222718
0.00222718
0.00222718
0.00222718
0.00222718
0.00222718
0.00222718
0.00222718
0.00222718
0.00222718
0.00222718
0.00222718
0.00222718
0.00222718
0.00222718
0.00222718
0.00222718
0.00222718
0.00222718
0.00222718
0.00222718
0.00222718
0.00222718
0.00222718
0.00222718
0.00222718
0.00222718
0.00222718
0.00222718
0.00222718
0.00222718
0.00222718
0.00222718
0.00222718
0.00222718
0.00222718
0.00222718
0.00222718
0.00222718
0.00222718
0.00222718
0.00222718
0.00222718
0.00222718
0.00222718
0.00222718
0.00222718
0.00222718
0.00222718
0.00222718
0.00222718
0.00222718
0.00222718
0.00222718
0.00222718
0.00222718
0.00222718
0.00222718
0.00222718
0.00222718
0.00222718
0.00222718
0.00222718
0.00222718
0.00222718
0.00222718
0.00222718
0.00222718
0.00222718
0.00222718
0.00222718
0.00222718
0.00222718
0.00222718
0.00222718
0.00222718
0.00222718
0.00222718
0.00222718
0.00222718
0.00222718
0.00222718
0.00222718
0.00222718
0.00222718
0.00222718
0.00222718
0.00222718
0.00222718
0.00222718
0.00222718
0.00222717
0.00222717
0.00222717
0.00222717
0.00222717
0.00222717
0.00222717
0.00222717
0.00222717
0.00222717
0.00222717
0.00222717
0.00222717
0.00222717
0.00222717
0.00222717
0.00222717
0.00222717
0.00222717
0.00222717
0.00222717
0.00222717
0.00222717
0.00222717
0.00222717
0.00222717
0.00222717
0.00222717
0.00222717
0.00222717
0.00222717
0.00222717
0.00222717
0.00222717
0.00222717
0.00222717
0.00222717
0.00222717
0.00222717
0.00222717
0.00222717
0.00222717
0.00222717
0.00222717
0.00222717
0.00222717
0.00222717
0.00222717
0.00222717
0.00222717
