1.00000000
0.90102817
0.84102869
0.80577767
0.79298738
0.78450623
0.76229232
0.75396125
0.74563019
0.73313360
0.72896806
0.72480253
0.72063700
0.71230594
0.70814041
0.69980934
0.69147828
0.68314721
0.67898169
0.67065062
0.65815403
0.64982297
0.64565743
0.63732636
0.62899530
0.62482977
0.61649871
0.61233317
0.59983658
0.59567105
0.59150552
0.58317445
0.57900892
0.57484339
0.56255782
0.55023904
0.53792025
0.52970773
0.52149521
0.51738894
0.51328268
0.50917642
0.50096390
0.49685764
0.48864511
0.48453885
0.48043259
0.47222007
0.46811381
0.46400755
0.45990128
0.45579502
0.45168876
0.44758250
0.43936998
0.43115745
0.42705119
0.42294493
0.41473241
0.40651989
0.39830736
0.39420110
0.38598858
0.36956353
0.36135101
0.35724475
0.34903223
0.33260718
0.32439465
0.31618213
0.30386335
0.28333204
0.27101326
0.25458821
0.24226943
0.23816316
0.23405691
0.22995064
0.22584438
0.22173812
0.21352559
0.16943981
0.15025616
0.14205856
0.10654392
0.10358437
0.10062481
0.02663598
0.02599387
0.02498295
0.02102833
0.02074706
0.00691569
0.00635177
0.00557427
0.00518136
0.00518136
0.00518136
0.00518136
0.00518136
0.00518136
0.00518136
0.00518136
0.00518136
0.00518136
0.00518136
0.00518136
0.00518136
0.00518136
0.00518136
0.00518136
0.00518136
0.00518136
0.00518136
0.00518136
0.00518136
0.00518136
0.00518136
0.00518136
0.00518136
0.00518136
0.00518136
0.00518136
0.00518136
0.00518136
0.00518136
0.00518136
0.00518136
0.00518136
0.00518136
0.00518136
0.00518136
0.00518136
0.00518136
0.00518136
0.00518136
0.00518136
0.00518136
0.00518136
0.00518136
0.00518136
0.00518136
0.00518136
0.00518136
0.00518136
0.00518136
0.00518136
0.00518136
0.00518136
0.00518136
0.00518136
0.00518136
0.00518136
0.00518136
0.00518136
0.00518136
0.00518136
0.00518136
0.00518136
0.00518136
0.00518136
0.00518136
0.00518136
0.00518135
0.00518135
0.00518135
0.00518135
0.00518135
0.00518135
0.00518135
0.00518135
0.00518135
0.00518135
0.00518135
0.00518135
0.00518135
0.00518135
0.00518135
0.00518135
0.00518135
0.00518135
0.00518135
0.00518135
0.00518135
0.00518135
0.00518135
0.00518135
0.00518135
0.00518135
0.00518135
0.00518135
0.00518135
0.00518135
0.00518135
0.00518135
0.00518135
0.00518135
0.00518135
0.00518135
0.00518135
0.00518135
0.00518135
0.00518135
0.00518135
0.00518135
0.00518135
0.00518135
0.00518135
0.00518135
0.00518135
0.00518135
0.00518135
0.00518135
0.00518135
