1.00000000
0.93759591
0.81351180
0.81273033
0.81194886
0.80524653
0.80447076
0.80278190
0.80200702
0.80123213
0.80045724
0.79968236
0.79890747
0.79813258
0.79735770
0.79658281
0.79580793
0.78750957
0.78674202
0.78597447
0.78520691
0.78443936
0.78367181
0.78290426
0.78213670
0.78136915
0.78060160
0.77983405
0.77906649
0.77829894
0.77753139
0.77676383
0.77599628
0.77473601
0.77396895
0.77320187
0.77243481
0.77166775
0.77090068
0.77013361
0.76936655
0.76859949
0.76783242
0.76706535
0.76629829
0.76553123
0.76476416
0.76399709
0.76323003
0.76246296
0.76169590
0.76092883
0.76016177
0.75939470
0.75862764
0.75786057
0.75709350
0.75632644
0.75555937
0.75479231
0.75402524
0.75325818
0.75249111
0.75172405
0.75095698
0.74942285
0.74865578
0.74788872
0.74712166
0.74538023
0.74461416
0.74384810
0.74308204
0.74231597
0.74078384
0.74001778
0.73925171
0.73848565
0.73771959
0.73695353
0.73618746
0.73542139
0.73465533
0.73312320
0.73235714
0.73159108
0.73082501
0.73005895
0.72852682
0.72776075
0.72699469
0.72622863
0.72546256
0.72469650
0.72393044
0.72316437
0.72239830
0.72163224
0.72086618
0.71905647
0.71829151
0.71752656
0.71676161
0.71599665
0.71523170
0.71446675
0.71370180
0.71293684
0.71217189
0.71140694
0.71064198
0.70987702
0.70885094
0.70808627
0.70732159
0.70655692
0.70579225
0.70502757
0.70426290
0.70349823
0.70273356
0.70196888
0.70120421
0.70043954
0.69967487
0.69891020
0.69814553
0.69711290
0.69634852
0.69558414
0.69481977
0.69405539
0.69329101
0.69252663
0.69176226
0.69099787
0.69023350
0.68946912
0.68870474
0.68794036
0.68717598
0.68641161
0.68564723
0.68488285
0.68411847
0.67881701
0.67729670
0.67653655
0.67501624
0.67425609
0.67273578
0.67197563
0.67121548
0.67045532
0.66969517
0.66893502
0.66817487
0.66741471
0.66665455
0.66589440
0.66513424
0.66437409
0.66361394
0.66285379
0.66209363
0.66133348
0.66057333
0.65981318
0.65829287
0.65753272
0.65677256
0.65601241
0.65449210
0.65297179
0.65221164
0.65145148
0.64993118
0.64917103
0.64765072
0.64689057
0.64613042
0.64537026
0.64155312
0.64079657
0.64004002
0.63928347
0.63701382
0.63625728
0.63550073
0.63474418
0.63398763
0.63247454
0.63171798
0.63096144
0.63020489
0.62944835
0.62717870
0.62642214
0.62566560
0.62263941
0.62188286
0.62112630
0.62036976
0.61961321
0.61885667
0.61810011
0.61538443
0.61463028
0.61312198
0.61236784
0.61161369
0.61085954
0.61010539
0.60830310
0.60755026
0.60679740
0.60529170
0.60453885
0.60378600
0.60303315
0.60228030
0.60152745
0.60077460
0.60002175
0.59926890
0.59851605
0.59776320
0.59701035
0.59475180
0.59399895
0.59324609
0.59249325
0.59174040
0.59098755
0.58948184
0.58646312
0.58571316
0.58496321
0.58283280
0.58208462
0.58133644
0.58058826
0.57984008
0.57909189
0.57834372
0.57637960
0.57264658
0.57115336
0.57040676
0.56966015
0.56891355
0.56816694
0.56592712
0.56518052
0.56443391
0.56368731
0.56294070
0.56144749
0.56070088
0.55995428
0.55696786
0.55622125
0.55099501
0.54950180
0.54875520
0.54800858
0.54726198
0.54651538
0.54576877
0.54502216
0.54427556
0.54352896
0.54203574
0.54128914
0.54054253
0.53979592
0.53904932
0.53830271
0.53755611
0.53680950
0.53606290
0.53531629
0.53456968
0.53307647
0.53232987
0.53158326
0.53083666
0.52859684
0.52710363
0.52635702
0.52561042
0.52486381
0.52411721
0.52337060
0.52113078
0.52038418
0.51889097
0.51814436
0.51739775
0.51665115
0.51515793
0.51366473
0.51142491
0.50993169
0.50843849
0.50769188
0.50619867
0.50470545
0.50395885
0.50246564
0.50171903
0.50097243
0.50022582
0.49947921
0.49873261
0.49723940
0.49574619
0.49499958
0.49350637
0.49275977
0.49201316
0.49126655
0.49051995
0.48977334
0.48902673
0.48828013
0.48678692
0.48454710
0.48380050
0.48305389
0.48230729
0.48156068
0.48006747
0.47932086
0.47857426
0.47708104
0.47633444
0.47373073
0.47298703
0.47224334
0.47149966
0.47075596
0.47001227
0.46178118
0.46104936
0.46031753
0.45739023
0.45665841
0.45446294
0.45299929
0.45226746
0.45153564
0.45080382
0.45007199
0.44860834
0.44714469
0.44641287
0.44494922
0.44421739
0.44348557
0.44275375
0.44055827
0.43982645
0.43053280
0.42981525
0.42631712
0.42417483
0.41957698
0.41822393
0.41681101
0.41610455
0.41469164
0.41398517
0.41327871
0.40039817
0.39971256
0.39902694
0.39765572
0.39559888
0.39354204
0.39285643
0.39148520
0.39079959
0.39011398
0.38942836
0.38874275
0.38531468
0.38394345
0.38325784
0.38257223
0.37982978
0.37845855
0.37777294
0.37640171
0.37571609
0.37503048
0.37434486
0.37365925
0.37228802
0.37091680
0.36817435
0.36081517
0.35879568
0.35744935
0.35610303
0.35071772
0.35004456
0.34937140
0.34600558
0.34465926
0.34331293
0.34263977
0.33927396
0.32618427
0.30932385
0.30867538
0.30819760
0.30752194
0.30687381
0.30429504
0.30300565
0.30236096
0.30107157
0.29978219
0.29913750
0.29849280
0.29784811
0.29655872
0.29526934
0.29269057
0.29204588
0.28946710
0.28817772
0.28237548
0.28108610
0.27850733
0.27721794
0.27334978
0.27012632
0.26948163
0.26857560
0.26064474
0.25939164
0.25180639
0.25057806
0.23603362
0.23533655
0.23416281
0.23298905
0.23181530
0.22557550
0.21694378
0.21606914
0.21091100
0.21016931
0.20902708
0.20674263
0.19532039
0.19189371
0.19018038
0.18949050
0.18835242
0.18550721
0.18038585
0.18000069
0.17943286
0.16499265
0.15960891
0.09878076
0.09864050
0.09812134
0.08981477
0.08918517
0.07738973
0.07657838
0.05267530
0.03673992
0.03644345
0.03512622
0.03434301
0.03219657
0.03136215
0.03054733
0.02977605
0.02942582
0.02853376
0.02784669
0.02764339
0.02706786
0.02648596
0.02565281
0.02523308
0.02462803
0.02379056
0.02361614
0.02310588
0.02215844
0.02068121
0.02027720
0.01978995
0.01887079
0.01847932
0.01786096
0.01711150
0.01645484
0.01552516
0.01539655
0.01468695
0.01384770
0.01316942
0.01157313
0.01066135
0.01040012
0.01023613
0.00961550
0.00931274
0.00842090
0.00831906
0.00659787
0.00401610
0.00324273
0.00298738
0.00286174
0.00238508
0.00170363
0.00095882
0.00095882
0.00095882
0.00095882
0.00095882
0.00095882
0.00095882
0.00095882
0.00095882
0.00095882
0.00095882
0.00095882
0.00095882
0.00095882
0.00095882
0.00095882
0.00095882
0.00095882
0.00095882
0.00095882
0.00095882
0.00095882
0.00095882
0.00095882
0.00095882
0.00095882
0.00095882
0.00095882
0.00095882
0.00095882
0.00095882
0.00095882
0.00095882
0.00095882
0.00095882
0.00095882
0.00095882
0.00095882
0.00095882
0.00095882
0.00095882
0.00095882
0.00095882
0.00095882
0.00095882
0.00095882
0.00095882
0.00095882
0.00095882
0.00095882
0.00095882
0.00095882
0.00095882
0.00095882
0.00095882
0.00095882
0.00095882
0.00095882
0.00095882
0.00095882
0.00095882
0.00095882
0.00095882
0.00095882
0.00095882
0.00095882
0.00095882
0.00095882
0.00095881
0.00095881
0.00095881
0.00095881
0.00095881
0.00095881
0.00095881
0.00095881
0.00095881
0.00095881
0.00095881
0.00095881
0.00095881
0.00095881
0.00095881
0.00095881
0.00095881
0.00095881
0.00095881
0.00095881
0.00095881
0.00095881
0.00095881
0.00095881
0.00095881
0.00095881
0.00095881
0.00095881
0.00095881
0.00095881
0.00095881
0.00095881
0.00095881
0.00095881
0.00095881
0.00095881
0.00095881
0.00095881
0.00095881
0.00095881
0.00095881
0.00095881
0.00095881
0.00095881
0.00095881
0.00095881
0.00095881
0.00095881
0.00095881
0.00095881
0.00095881
0.00095881
0.00095881
0.00095881
0.00095881
0.00095881
0.00095881
0.00095881
0.00095881
0.00095881
0.00095881
0.00095881
0.00095881
0.00095881
0.00095881
0.00095881
0.00095881
0.00095881
0.00095881
0.00095881
0.00095881
0.00095881
0.00095881
0.00095881
0.00095881
0.00095881
0.00095881
0.00095881
0.00095881
0.00095881
0.00095881
0.00095881
0.00095881
0.00095881
0.00095881
0.00095881
0.00095881
0.00095881
0.00095881
0.00095881
0.00095881
0.00095881
0.00095881
0.00095881
0.00095881
0.00095881
0.00095881
0.00095881
0.00095881
0.00095881
0.00095880
0.00095880
0.00095880
0.00095880
0.00095880
0.00095880
0.00095880
0.00095880
0.00095880
0.00095880
0.00095880
0.00095880
0.00095880
0.00095880
0.00095880
0.00095880
0.00095880
0.00095880
0.00095880
0.00095880
0.00095880
0.00095880
0.00095880
0.00095880
0.00095880
0.00095880
0.00095880
0.00095880
0.00095880
0.00095880
0.00095880
0.00095880
0.00095880
0.00095880
0.00095880
0.00095880
0.00095880
0.00095880
0.00095880
0.00095880
0.00095880
0.00095880
0.00095880
0.00095880
0.00095880
0.00095880
0.00095880
0.00095880
0.00095880
0.00095880
0.00095880
0.00095880
0.00095880
0.00095880
0.00095880
0.00095880
0.00095880
0.00095880
0.00095880
0.00095880
0.00095880
0.00095880
0.00095880
0.00095880
0.00095880
0.00095880
0.00095880
0.00095880
0.00095880
0.00095880
0.00095880
0.00095880
0.00095880
0.00095880
0.00095880
0.00095880
0.00095880
0.00095880
0.00095880
0.00095880
0.00095880
0.00095880
0.00095880
0.00095880
0.00095880
0.00095880
0.00095880
0.00095880
0.00095880
0.00095880
0.00095880
0.00095880
0.00095880
0.00095880
0.00095880
0.00095880
0.00095880
0.00095880
0.00095880
0.00095880
0.00095879
0.00095879
0.00095879
0.00095879
0.00095879
0.00095879
0.00095879
0.00095879
0.00095879
0.00095879
0.00095879
0.00095879
0.00095879
0.00095879
0.00095879
0.00095879
0.00095879
0.00095879
0.00095879
0.00095879
0.00095879
0.00095879
0.00095879
0.00095879
0.00095879
0.00095879
0.00095879
0.00095879
0.00095879
0.00095879
0.00095879
0.00095879
0.00095879
0.00095879
0.00095879
0.00095879
0.00095879
0.00095879
0.00095879
0.00095879
0.00095879
0.00095879
0.00095879
0.00095879
0.00095879
0.00095879
0.00095879
0.00095879
0.00095879
0.00095879
0.00095879
0.00095879
0.00095879
0.00095879
0.00095879
0.00095879
0.00095879
0.00095879
0.00095879
0.00095879
0.00095879
0.00095879
0.00095879
0.00095879
0.00095879
0.00095879
0.00095879
0.00095879
0.00095879
0.00095879
0.00095879
0.00095879
0.00095879
0.00095879
0.00095879
0.00095879
0.00095879
0.00095879
0.00095879
0.00095879
0.00095879
0.00095879
0.00095879
0.00095879
0.00095879
0.00095879
0.00095879
0.00095879
0.00095879
0.00095879
0.00095879
0.00095879
0.00095879
0.00095879
0.00095879
0.00095879
0.00095879
0.00095879
0.00095879
0.00095879
0.00095878
0.00095878
0.00095878
0.00095878
0.00095878
0.00095878
0.00095878
0.00095878
0.00095878
0.00095878
0.00095878
0.00095878
0.00095878
0.00095878
0.00095878
0.00095878
0.00095878
0.00095878
0.00095878
0.00095878
0.00095878
0.00095878
0.00095878
0.00095878
0.00095878
0.00095878
0.00095878
0.00095878
0.00095878
0.00095878
0.00095878
0.00095878
0.00095878
0.00095878
0.00095878
0.00095878
0.00095878
0.00095878
0.00095878
0.00095878
0.00095878
0.00095878
0.00095878
0.00095878
0.00095878
0.00095878
0.00095878
0.00095878
0.00095878
0.00095878
0.00095878
0.00095878
0.00095878
0.00095878
0.00095878
0.00095878
0.00095878
0.00095878
0.00095878
0.00095878
0.00095878
0.00095878
0.00095878
0.00095878
0.00095878
0.00095878
0.00095878
0.00095878
0.00095878
0.00095878
0.00095878
0.00095878
0.00095878
0.00095878
0.00095878
0.00095878
0.00095878
0.00095878
0.00095878
0.00095878
0.00095878
0.00095878
0.00095878
0.00095878
0.00095878
0.00095878
0.00095878
0.00095878
0.00095878
0.00095878
0.00095878
0.00095878
0.00095878
0.00095878
0.00095878
0.00095878
0.00095878
0.00095878
0.00095878
0.00095878
0.00095877
0.00095877
0.00095877
0.00095877
0.00095877
0.00095877
0.00095877
0.00095877
0.00095877
0.00095877
0.00095877
0.00095877
0.00095877
0.00095877
0.00095877
0.00095877
0.00095877
0.00095877
0.00095877
0.00095877
0.00095877
0.00095877
0.00095877
0.00095877
0.00095877
0.00095877
0.00095877
0.00095877
0.00095877
0.00095877
0.00095877
0.00095877
0.00095877
0.00095877
0.00095877
0.00095877
0.00095877
0.00095877
0.00095877
0.00095877
0.00095877
0.00095877
0.00095877
0.00095877
0.00095877
0.00095877
0.00095877
0.00095877
0.00095877
0.00095877
