1.00000000
0.93096539
0.80399478
0.80222543
0.80010219
0.79427291
0.79216235
0.78474592
0.78229687
0.77774863
0.77494972
0.77075134
0.76795242
0.76515351
0.76165487
0.75675676
0.75500744
0.75325812
0.75080906
0.74801015
0.74517277
0.74342436
0.74062690
0.73887849
0.73817913
0.73608103
0.73433262
0.73328358
0.72908738
0.72524088
0.72419183
0.72244342
0.71964597
0.71719819
0.71437410
0.71297542
0.71122707
0.70947872
0.70773038
0.70598203
0.70353435
0.70178601
0.69968799
0.69619130
0.68991723
0.68852557
0.68643806
0.68539432
0.68295891
0.67843600
0.67530476
0.67147769
0.66939019
0.66695477
0.66556311
0.65930063
0.65790896
0.65582147
0.65338606
0.65234231
0.65129856
0.64921107
0.64467863
0.64259790
0.63982360
0.63808966
0.63600894
0.63427500
0.63219427
0.62976676
0.62560530
0.62179063
0.61936312
0.61554845
0.61416130
0.61104021
0.60895949
0.60826591
0.60549160
0.60098336
0.59959621
0.59786227
0.59578154
0.59300724
0.59057973
0.58849900
0.58676506
0.58503112
0.58260360
0.58121645
0.57844215
0.57566785
0.57393391
0.57254676
0.56942567
0.56769173
0.56630457
0.56595778
0.56248991
0.56144954
0.55971560
0.55832845
0.55624773
0.55451379
0.55382021
0.55139270
0.55000555
0.54723125
0.54445694
0.54168264
0.54098906
0.53960191
0.53890833
0.53717439
0.53405331
0.53231937
0.52989185
0.52746434
0.52573039
0.52364967
0.52191573
0.51948821
0.51810106
0.51636712
0.51497997
0.51359282
0.51220567
0.51081852
0.50943137
0.50769743
0.50561670
0.50457633
0.50353597
0.50214882
0.50110846
0.50041488
0.49972131
0.49902773
0.49764058
0.49625343
0.49451949
0.49267025
0.49128342
0.49059001
0.48954989
0.48816306
0.48712294
0.48573611
0.48434928
0.47845355
0.47708066
0.47445204
0.47273922
0.47136896
0.46862845
0.46657306
0.46074945
0.45903663
0.45663868
0.45458329
0.45287047
0.45150021
0.44875970
0.44670431
0.44601918
0.44430636
0.44259353
0.44122327
0.44053814
0.43916788
0.43848275
0.43814019
0.43539967
0.43300172
0.43163146
0.42923351
0.42752069
0.42478017
0.42443761
0.42375248
0.42272479
0.42066939
0.41929913
0.41690118
0.41553092
0.41484579
0.41381810
0.41176271
0.41039245
0.40833707
0.40799450
0.40765194
0.40730937
0.40662425
0.40559655
0.40491142
0.40285604
0.40217090
0.40045808
0.39874525
0.39634730
0.39566217
0.39292166
0.39086627
0.38949601
0.38881088
0.38675550
0.38538524
0.38470011
0.38367241
0.38195958
0.38058933
0.37613599
0.37373804
0.37271034
0.36996983
0.36859957
0.36791444
0.36517392
0.36414623
0.36311853
0.36209083
0.36106314
0.35866519
0.35763750
0.35660980
0.35592467
0.35558211
0.35523954
0.35249903
0.35005263
0.34766668
0.34528073
0.34391733
0.34187224
0.34084968
0.34016798
0.33880458
0.33812288
0.33710033
0.33607779
0.33505524
0.33437354
0.33266929
0.33130589
0.33062419
0.32823825
0.32598921
0.32530936
0.32217607
0.32149994
0.32048574
0.31642895
0.31541476
0.31372443
0.31237217
0.31169604
0.31000572
0.30932959
0.30831539
0.30628700
0.30459668
0.30392055
0.30155409
0.30020183
0.29817344
0.29580698
0.29445472
0.29276440
0.29107407
0.28938375
0.28769342
0.28701729
0.28498890
0.28465084
0.28329858
0.28296051
0.28112420
0.27910656
0.27843401
0.27776147
0.27742519
0.27608010
0.27114427
0.26981838
0.26849249
0.26716661
0.26617219
0.26291615
0.26193267
0.26094920
0.25865442
0.25732242
0.25601122
0.25535562
0.25372387
0.25208905
0.25110815
0.24947334
0.24653066
0.24554977
0.24326103
0.24162621
0.23999139
0.23933746
0.23672176
0.23606783
0.23541390
0.23475997
0.23410604
0.23312515
0.23214426
0.23149033
0.22952855
0.22854766
0.22798676
0.22733351
0.22635362
0.22602699
0.22080094
0.21688140
0.20806242
0.20675591
0.20479613
0.20414288
0.19989671
0.19597716
0.19499727
0.19434402
0.19369076
0.19303750
0.19042447
0.18911796
0.18846470
0.18683156
0.18421853
0.17441967
0.17115339
0.16919362
0.16854036
0.16788710
0.16690722
0.16298767
0.16200779
0.15972139
0.15808824
0.15776161
0.15710835
0.15612847
0.15514858
0.15286218
0.14992253
0.14698287
0.10974721
0.10909395
0.10288801
0.09896846
0.09341578
0.09276252
0.09112938
0.08982287
0.08818972
0.08525007
0.07806423
0.00130651
0.00097989
0.00043667
0.00043667
0.00043667
0.00043667
0.00043667
0.00043667
0.00043667
0.00043667
0.00043667
0.00043667
0.00043667
0.00043667
0.00043667
0.00043667
0.00043667
0.00043667
0.00043667
0.00043667
0.00043667
0.00043667
0.00043667
0.00043667
0.00043667
0.00043667
0.00043667
0.00043667
0.00043667
0.00043667
0.00043667
0.00043667
0.00043667
0.00043667
0.00043667
0.00043667
0.00043667
0.00043667
0.00043667
0.00043667
0.00043667
0.00043667
0.00043667
0.00043667
0.00043667
0.00043667
0.00043667
0.00043667
0.00043667
0.00043667
0.00043667
0.00043667
0.00043667
0.00043667
0.00043667
0.00043667
0.00043667
0.00043667
0.00043667
0.00043667
0.00043667
0.00043667
0.00043667
0.00043667
0.00043667
0.00043667
0.00043667
0.00043667
0.00043667
0.00043667
0.00043667
0.00043667
0.00043667
0.00043667
0.00043667
0.00043667
0.00043667
0.00043666
0.00043666
0.00043666
0.00043666
0.00043666
0.00043666
0.00043666
0.00043666
0.00043666
0.00043666
0.00043666
0.00043666
0.00043666
0.00043666
0.00043666
0.00043666
0.00043666
0.00043666
0.00043666
0.00043666
0.00043666
0.00043666
0.00043666
0.00043666
0.00043666
0.00043666
0.00043666
0.00043666
0.00043666
0.00043666
0.00043666
0.00043666
0.00043666
0.00043666
0.00043666
0.00043666
0.00043666
0.00043666
0.00043666
0.00043666
0.00043666
0.00043666
0.00043666
0.00043666
0.00043666
0.00043666
0.00043666
0.00043666
0.00043666
0.00043666
0.00043666
0.00043666
0.00043666
0.00043666
0.00043666
0.00043666
0.00043666
0.00043666
0.00043666
0.00043666
0.00043666
0.00043666
0.00043666
0.00043666
0.00043666
0.00043666
0.00043666
0.00043666
0.00043666
0.00043666
0.00043666
0.00043666
0.00043666
0.00043666
0.00043666
0.00043666
0.00043666
0.00043666
0.00043666
0.00043666
0.00043666
0.00043666
0.00043666
0.00043666
0.00043666
0.00043666
0.00043666
0.00043666
0.00043666
0.00043666
0.00043666
0.00043666
0.00043666
0.00043666
0.00043666
0.00043666
0.00043666
0.00043666
0.00043666
0.00043666
0.00043665
0.00043665
0.00043665
0.00043665
0.00043665
0.00043665
0.00043665
0.00043665
0.00043665
0.00043665
0.00043665
0.00043665
0.00043665
0.00043665
0.00043665
0.00043665
0.00043665
0.00043665
0.00043665
0.00043665
0.00043665
0.00043665
0.00043665
0.00043665
0.00043665
0.00043665
0.00043665
0.00043665
0.00043665
0.00043665
0.00043665
0.00043665
0.00043665
0.00043665
0.00043665
0.00043665
0.00043665
0.00043665
0.00043665
0.00043665
0.00043665
0.00043665
0.00043665
0.00043665
0.00043665
0.00043665
0.00043665
0.00043665
0.00043665
0.00043665
0.00043665
0.00043665
0.00043665
0.00043665
0.00043665
0.00043665
0.00043665
0.00043665
0.00043665
0.00043665
0.00043665
0.00043665
0.00043665
0.00043665
0.00043665
0.00043665
0.00043665
0.00043665
0.00043665
0.00043665
0.00043665
0.00043665
0.00043665
0.00043665
0.00043665
0.00043665
0.00043665
0.00043665
0.00043665
0.00043665
0.00043665
0.00043665
0.00043665
0.00043665
0.00043665
0.00043665
0.00043665
0.00043665
0.00043665
0.00043665
0.00043665
0.00043665
0.00043665
0.00043665
0.00043665
0.00043665
0.00043665
0.00043665
0.00043665
0.00043665
0.00043664
0.00043664
0.00043664
0.00043664
0.00043664
0.00043664
0.00043664
0.00043664
0.00043664
0.00043664
0.00043664
0.00043664
0.00043664
0.00043664
0.00043664
0.00043664
0.00043664
0.00043664
0.00043664
0.00043664
0.00043664
0.00043664
0.00043664
0.00043664
0.00043664
0.00043664
0.00043664
0.00043664
0.00043664
0.00043664
0.00043664
0.00043664
0.00043664
0.00043664
0.00043664
0.00043664
0.00043664
0.00043664
0.00043664
0.00043664
0.00043664
0.00043664
0.00043664
0.00043664
0.00043664
0.00043664
0.00043664
0.00043664
0.00043664
0.00043664
0.00043664
0.00043664
0.00043664
0.00043664
0.00043664
0.00043664
0.00043664
0.00043664
0.00043664
0.00043664
0.00043664
0.00043664
0.00043664
0.00043664
0.00043664
0.00043664
0.00043664
0.00043664
0.00043664
0.00043664
0.00043664
0.00043664
0.00043664
0.00043664
0.00043664
0.00043664
0.00043664
0.00043664
0.00043664
0.00043664
0.00043664
0.00043664
0.00043664
0.00043664
0.00043664
0.00043664
0.00043664
0.00043664
0.00043664
0.00043664
0.00043664
0.00043664
0.00043664
0.00043664
0.00043664
0.00043664
0.00043664
0.00043664
0.00043664
0.00043664
0.00043663
0.00043663
0.00043663
0.00043663
0.00043663
0.00043663
0.00043663
0.00043663
0.00043663
0.00043663
0.00043663
0.00043663
0.00043663
0.00043663
0.00043663
0.00043663
0.00043663
0.00043663
0.00043663
0.00043663
0.00043663
0.00043663
0.00043663
0.00043663
0.00043663
0.00043663
0.00043663
0.00043663
0.00043663
0.00043663
0.00043663
0.00043663
0.00043663
0.00043663
0.00043663
0.00043663
0.00043663
0.00043663
0.00043663
0.00043663
0.00043663
0.00043663
0.00043663
0.00043663
0.00043663
0.00043663
0.00043663
0.00043663
0.00043663
0.00043663
0.00043663
0.00043663
0.00043663
0.00043663
0.00043663
0.00043663
0.00043663
0.00043663
0.00043663
0.00043663
0.00043663
0.00043663
0.00043663
0.00043663
0.00043663
0.00043663
0.00043663
0.00043663
0.00043663
0.00043663
0.00043663
0.00043663
0.00043663
0.00043663
0.00043663
0.00043663
0.00043663
0.00043663
0.00043663
0.00043663
0.00043663
0.00043663
0.00043663
0.00043663
0.00043663
0.00043663
0.00043663
0.00043663
0.00043663
0.00043663
0.00043663
0.00043663
0.00043663
0.00043663
0.00043663
0.00043663
0.00043663
0.00043663
0.00043663
0.00043663
0.00043662
0.00043662
0.00043662
0.00043662
0.00043662
0.00043662
0.00043662
0.00043662
0.00043662
0.00043662
0.00043662
0.00043662
0.00043662
0.00043662
0.00043662
0.00043662
0.00043662
0.00043662
0.00043662
0.00043662
0.00043662
0.00043662
0.00043662
0.00043662
0.00043662
0.00043662
0.00043662
0.00043662
0.00043662
0.00043662
0.00043662
0.00043662
0.00043662
0.00043662
0.00043662
0.00043662
0.00043662
0.00043662
0.00043662
0.00043662
0.00043662
0.00043662
0.00043662
0.00043662
0.00043662
0.00043662
0.00043662
0.00043662
0.00043662
0.00043662
0.00043662
0.00043662
0.00043662
0.00043662
0.00043662
0.00043662
0.00043662
0.00043662
0.00043662
0.00043662
0.00043662
0.00043662
0.00043662
0.00043662
0.00043662
0.00043662
0.00043662
0.00043662
0.00043662
0.00043662
0.00043662
0.00043662
0.00043662
0.00043662
0.00043662
0.00043662
0.00043662
0.00043662
0.00043662
0.00043662
0.00043662
0.00043662
0.00043662
0.00043662
0.00043662
0.00043662
0.00043662
0.00043662
0.00043662
0.00043662
0.00043662
0.00043662
0.00043662
0.00043662
0.00043662
0.00043662
0.00043662
0.00043662
0.00043662
0.00043662
0.00043661
0.00043661
0.00043661
0.00043661
0.00043661
0.00043661
0.00043661
0.00043661
0.00043661
0.00043661
0.00043661
0.00043661
0.00043661
0.00043661
0.00043661
0.00043661
0.00043661
0.00043661
0.00043661
0.00043661
0.00043661
0.00043661
0.00043661
0.00043661
0.00043661
0.00043661
0.00043661
0.00043661
0.00043661
0.00043661
0.00043661
0.00043661
0.00043661
0.00043661
0.00043661
0.00043661
0.00043661
0.00043661
0.00043661
0.00043661
0.00043661
0.00043661
0.00043661
0.00043661
0.00043661
0.00043661
0.00043661
0.00043661
0.00043661
0.00043661
0.00043661
0.00043661
0.00043661
0.00043661
0.00043661
0.00043661
0.00043661
0.00043661
0.00043661
0.00043661
0.00043661
0.00043661
0.00043661
0.00043661
0.00043661
0.00043661
0.00043661
0.00043661
0.00043661
0.00043661
0.00043661
0.00043661
0.00043661
0.00043661
0.00043661
0.00043661
0.00043661
0.00043661
0.00043661
0.00043661
0.00043661
0.00043661
0.00043661
0.00043661
0.00043661
0.00043661
0.00043661
0.00043661
0.00043661
0.00043661
0.00043661
0.00043661
0.00043661
0.00043661
0.00043661
0.00043661
0.00043661
0.00043661
0.00043661
0.00043661
0.00043660
0.00043660
0.00043660
0.00043660
0.00043660
0.00043660
0.00043660
0.00043660
0.00043660
0.00043660
0.00043660
0.00043660
0.00043660
0.00043660
0.00043660
0.00043660
0.00043660
0.00043660
0.00043660
0.00043660
0.00043660
0.00043660
0.00043660
0.00043660
0.00043660
0.00043660
0.00043660
0.00043660
0.00043660
0.00043660
0.00043660
0.00043660
0.00043660
0.00043660
0.00043660
0.00043660
0.00043660
0.00043660
0.00043660
0.00043660
0.00043660
0.00043660
0.00043660
0.00043660
0.00043660
0.00043660
0.00043660
0.00043660
0.00043660
0.00043660
0.00043660
0.00043660
0.00043660
0.00043660
0.00043660
0.00043660
0.00043660
0.00043660
0.00043660
0.00043660
0.00043660
0.00043660
0.00043660
0.00043660
0.00043660
0.00043660
0.00043660
0.00043660
0.00043660
0.00043660
0.00043660
0.00043660
0.00043660
0.00043660
0.00043660
0.00043660
0.00043660
0.00043660
0.00043660
0.00043660
0.00043660
0.00043660
0.00043660
0.00043660
0.00043660
0.00043660
0.00043660
0.00043660
0.00043660
0.00043660
0.00043660
0.00043660
0.00043660
0.00043660
0.00043660
0.00043660
0.00043660
0.00043660
0.00043660
0.00043660
0.00043659
0.00043659
0.00043659
0.00043659
0.00043659
0.00043659
0.00043659
0.00043659
0.00043659
0.00043659
0.00043659
0.00043659
0.00043659
0.00043659
0.00043659
0.00043659
0.00043659
0.00043659
0.00043659
0.00043659
0.00043659
0.00043659
0.00043659
0.00043659
0.00043659
0.00043659
0.00043659
0.00043659
0.00043659
0.00043659
0.00043659
0.00043659
0.00043659
0.00043659
0.00043659
0.00043659
0.00043659
0.00043659
0.00043659
0.00043659
0.00043659
0.00043659
0.00043659
0.00043659
0.00043659
0.00043659
0.00043659
0.00043659
0.00043659
0.00043659
0.00043659
0.00043659
0.00043659
0.00043659
0.00043659
0.00043659
0.00043659
0.00043659
0.00043659
0.00043659
0.00043659
0.00043659
0.00043659
0.00043659
0.00043659
0.00043659
0.00043659
0.00043659
0.00043659
0.00043659
0.00043659
0.00043659
0.00043659
0.00043659
0.00043659
0.00043659
0.00043659
0.00043659
0.00043659
0.00043659
0.00043659
0.00043659
0.00043659
0.00043659
0.00043659
0.00043659
0.00043659
0.00043659
0.00043659
0.00043659
0.00043659
0.00043659
0.00043659
0.00043659
0.00043659
0.00043659
0.00043659
0.00043659
0.00043659
0.00043659
0.00043658
0.00043658
0.00043658
0.00043658
0.00043658
0.00043658
0.00043658
0.00043658
0.00043658
0.00043658
0.00043658
0.00043658
0.00043658
0.00043658
0.00043658
0.00043658
0.00043658
0.00043658
0.00043658
0.00043658
0.00043658
0.00043658
0.00043658
0.00043658
0.00043658
0.00043658
0.00043658
0.00043658
0.00043658
0.00043658
0.00043658
0.00043658
0.00043658
0.00043658
0.00043658
0.00043658
0.00043658
0.00043658
0.00043658
0.00043658
0.00043658
0.00043658
0.00043658
0.00043658
0.00043658
0.00043658
0.00043658
0.00043658
0.00043658
0.00043658
0.00043658
0.00043658
0.00043658
0.00043658
0.00043658
0.00043658
0.00043658
0.00043658
0.00043658
0.00043658
0.00043658
0.00043658
0.00043658
0.00043658
0.00043658
0.00043658
0.00043658
0.00043658
0.00043658
0.00043658
0.00043658
0.00043658
0.00043658
0.00043658
0.00043658
0.00043658
0.00043658
0.00043658
0.00043658
0.00043658
0.00043658
0.00043658
0.00043658
0.00043658
0.00043658
0.00043658
0.00043658
0.00043658
0.00043658
0.00043658
0.00043658
0.00043658
0.00043658
0.00043658
0.00043658
0.00043658
0.00043658
0.00043658
0.00043658
0.00043658
0.00043657
0.00043657
0.00043657
0.00043657
0.00043657
0.00043657
0.00043657
0.00043657
0.00043657
0.00043657
0.00043657
0.00043657
0.00043657
0.00043657
0.00043657
0.00043657
0.00043657
0.00043657
0.00043657
0.00043657
0.00043657
0.00043657
0.00043657
0.00043657
0.00043657
0.00043657
0.00043657
0.00043657
0.00043657
0.00043657
0.00043657
0.00043657
0.00043657
0.00043657
0.00043657
0.00043657
0.00043657
0.00043657
0.00043657
0.00043657
0.00043657
0.00043657
0.00043657
0.00043657
0.00043657
0.00043657
0.00043657
0.00043657
0.00043657
0.00043657
0.00043657
0.00043657
0.00043657
0.00043657
0.00043657
0.00043657
0.00043657
0.00043657
0.00043657
0.00043657
0.00043657
0.00043657
0.00043657
0.00043657
0.00043657
0.00043657
0.00043657
0.00043657
0.00043657
0.00043657
0.00043657
0.00043657
0.00043657
0.00043657
0.00043657
0.00043657
0.00043657
0.00043657
0.00043657
0.00043657
0.00043657
0.00043657
0.00043657
0.00043657
0.00043657
0.00043657
0.00043657
0.00043657
0.00043657
0.00043657
0.00043657
0.00043657
0.00043657
0.00043657
0.00043657
0.00043657
0.00043657
0.00043657
0.00043657
0.00043657
0.00043656
0.00043656
0.00043656
0.00043656
0.00043656
0.00043656
0.00043656
0.00043656
0.00043656
0.00043656
0.00043656
0.00043656
0.00043656
0.00043656
0.00043656
0.00043656
0.00043656
0.00043656
0.00043656
0.00043656
0.00043656
0.00043656
0.00043656
0.00043656
0.00043656
0.00043656
0.00043656
0.00043656
0.00043656
0.00043656
0.00043656
0.00043656
0.00043656
0.00043656
0.00043656
0.00043656
0.00043656
0.00043656
0.00043656
0.00043656
0.00043656
0.00043656
0.00043656
0.00043656
0.00043656
0.00043656
0.00043656
0.00043656
0.00043656
0.00043656
0.00043656
0.00043656
0.00043656
0.00043656
0.00043656
0.00043656
0.00043656
0.00043656
0.00043656
0.00043656
0.00043656
0.00043656
0.00043656
0.00043656
0.00043656
0.00043656
0.00043656
0.00043656
0.00043656
0.00043656
0.00043656
0.00043656
0.00043656
0.00043656
0.00043656
0.00043656
0.00043656
0.00043656
0.00043656
0.00043656
0.00043656
0.00043656
0.00043656
0.00043656
0.00043656
0.00043656
0.00043656
0.00043656
0.00043656
0.00043656
0.00043656
0.00043656
0.00043656
0.00043656
0.00043656
0.00043656
0.00043656
0.00043656
0.00043656
0.00043656
0.00043655
0.00043655
0.00043655
0.00043655
0.00043655
0.00043655
0.00043655
0.00043655
0.00043655
0.00043655
0.00043655
0.00043655
0.00043655
0.00043655
0.00043655
0.00043655
0.00043655
0.00043655
0.00043655
0.00043655
0.00043655
0.00043655
0.00043655
0.00043655
0.00043655
0.00043655
0.00043655
0.00043655
0.00043655
0.00043655
0.00043655
0.00043655
0.00043655
0.00043655
0.00043655
0.00043655
0.00043655
0.00043655
0.00043655
0.00043655
0.00043655
0.00043655
0.00043655
0.00043655
0.00043655
0.00043655
0.00043655
0.00043655
0.00043655
0.00043655
0.00043655
0.00043655
0.00043655
0.00043655
0.00043655
0.00043655
0.00043655
0.00043655
0.00043655
0.00043655
0.00043655
0.00043655
0.00043655
0.00043655
0.00043655
0.00043655
0.00043655
0.00043655
0.00043655
0.00043655
0.00043655
0.00043655
0.00043655
0.00043655
0.00043655
0.00043655
0.00043655
0.00043655
0.00043655
0.00043655
0.00043655
0.00043655
0.00043655
0.00043655
0.00043655
0.00043655
0.00043655
0.00043655
0.00043655
0.00043655
0.00043655
0.00043655
0.00043655
0.00043655
0.00043655
0.00043655
0.00043655
0.00043655
0.00043655
0.00043655
0.00043654
0.00043654
0.00043654
0.00043654
0.00043654
0.00043654
0.00043654
0.00043654
0.00043654
0.00043654
0.00043654
0.00043654
0.00043654
0.00043654
0.00043654
0.00043654
0.00043654
0.00043654
0.00043654
0.00043654
0.00043654
0.00043654
0.00043654
0.00043654
0.00043654
0.00043654
0.00043654
0.00043654
0.00043654
0.00043654
0.00043654
0.00043654
0.00043654
0.00043654
0.00043654
0.00043654
0.00043654
0.00043654
0.00043654
0.00043654
0.00043654
0.00043654
0.00043654
0.00043654
0.00043654
0.00043654
0.00043654
0.00043654
0.00043654
0.00043654
0.00043654
0.00043654
0.00043654
0.00043654
0.00043654
0.00043654
0.00043654
0.00043654
0.00043654
0.00043654
0.00043654
0.00043654
0.00043654
0.00043654
0.00043654
0.00043654
0.00043654
0.00043654
0.00043654
0.00043654
0.00043654
0.00043654
0.00043654
0.00043654
0.00043654
0.00043654
0.00043654
0.00043654
0.00043654
0.00043654
0.00043654
0.00043654
0.00043654
0.00043654
0.00043654
0.00043654
0.00043654
0.00043654
0.00043654
0.00043654
0.00043654
0.00043654
0.00043654
0.00043654
0.00043654
0.00043654
0.00043654
0.00043654
0.00043654
0.00043654
0.00043653
0.00043653
0.00043653
0.00043653
0.00043653
0.00043653
0.00043653
0.00043653
0.00043653
0.00043653
0.00043653
0.00043653
0.00043653
0.00043653
0.00043653
0.00043653
0.00043653
0.00043653
0.00043653
0.00043653
0.00043653
0.00043653
0.00043653
0.00043653
0.00043653
0.00043653
0.00043653
0.00043653
0.00043653
0.00043653
0.00043653
0.00043653
0.00043653
0.00043653
0.00043653
0.00043653
0.00043653
0.00043653
0.00043653
0.00043653
0.00043653
0.00043653
0.00043653
0.00043653
0.00043653
0.00043653
0.00043653
0.00043653
0.00043653
0.00043653
0.00043653
0.00043653
0.00043653
0.00043653
0.00043653
0.00043653
0.00043653
0.00043653
0.00043653
0.00043653
0.00043653
0.00043653
0.00043653
0.00043653
0.00043653
0.00043653
0.00043653
0.00043653
0.00043653
0.00043653
0.00043653
0.00043653
0.00043653
0.00043653
0.00043653
0.00043653
0.00043653
0.00043653
0.00043653
0.00043653
0.00043653
0.00043653
0.00043653
0.00043653
0.00043653
0.00043653
0.00043653
0.00043653
0.00043653
0.00043653
0.00043653
0.00043653
0.00043653
0.00043653
0.00043653
0.00043653
0.00043653
0.00043653
0.00043653
0.00043653
0.00043652
0.00043652
0.00043652
0.00043652
0.00043652
0.00043652
0.00043652
0.00043652
0.00043652
0.00043652
0.00043652
0.00043652
0.00043652
0.00043652
0.00043652
0.00043652
0.00043652
0.00043652
0.00043652
0.00043652
0.00043652
0.00043652
0.00043652
0.00043652
0.00043652
0.00043652
0.00043652
0.00043652
0.00043652
0.00043652
0.00043652
0.00043652
0.00043652
0.00043652
0.00043652
0.00043652
0.00043652
0.00043652
0.00043652
0.00043652
0.00043652
0.00043652
0.00043652
0.00043652
0.00043652
0.00043652
0.00043652
0.00043652
0.00043652
0.00043652
0.00043652
0.00043652
0.00043652
0.00043652
0.00043652
0.00043652
0.00043652
0.00043652
0.00043652
0.00043652
0.00043652
0.00043652
0.00043652
0.00043652
0.00043652
0.00043652
0.00043652
0.00043652
0.00043652
0.00043652
0.00043652
0.00043652
0.00043652
0.00043652
0.00043652
0.00043652
0.00043652
0.00043652
0.00043652
0.00043652
0.00043652
0.00043652
0.00043652
0.00043652
0.00043652
0.00043652
0.00043652
0.00043652
0.00043652
0.00043652
0.00043652
0.00043652
0.00043652
0.00043652
0.00043652
0.00043652
0.00043652
0.00043652
0.00043652
0.00043652
0.00043651
0.00043651
0.00043651
0.00043651
0.00043651
0.00043651
0.00043651
0.00043651
0.00043651
0.00043651
0.00043651
0.00043651
0.00043651
0.00043651
0.00043651
0.00043651
0.00043651
0.00043651
0.00043651
0.00043651
0.00043651
0.00043651
0.00043651
0.00043651
0.00043651
0.00043651
0.00043651
0.00043651
0.00043651
0.00043651
0.00043651
0.00043651
0.00043651
0.00043651
0.00043651
0.00043651
0.00043651
0.00043651
0.00043651
0.00043651
0.00043651
0.00043651
0.00043651
0.00043651
0.00043651
0.00043651
0.00043651
0.00043651
0.00043651
0.00043651
0.00043651
0.00043651
0.00043651
0.00043651
0.00043651
0.00043651
0.00043651
0.00043651
0.00043651
0.00043651
0.00043651
0.00043651
0.00043651
0.00043651
0.00043651
0.00043651
0.00043651
0.00043651
0.00043651
0.00043651
0.00043651
0.00043651
0.00043651
0.00043651
0.00043651
0.00043651
0.00043651
0.00043651
0.00043651
0.00043651
0.00043651
0.00043651
0.00043651
0.00043651
0.00043651
0.00043651
0.00043651
0.00043651
0.00043651
0.00043651
0.00043651
0.00043651
0.00043651
0.00043651
0.00043651
0.00043651
0.00043651
0.00043651
0.00043651
0.00043651
0.00043650
0.00043650
0.00043650
0.00043650
0.00043650
0.00043650
0.00043650
0.00043650
0.00043650
0.00043650
0.00043650
0.00043650
0.00043650
0.00043650
0.00043650
0.00043650
0.00043650
0.00043650
0.00043650
0.00043650
0.00043650
0.00043650
0.00043650
0.00043650
0.00043650
0.00043650
0.00043650
0.00043650
0.00043650
0.00043650
0.00043650
0.00043650
0.00043650
0.00043650
0.00043650
0.00043650
0.00043650
0.00043650
0.00043650
0.00043650
0.00043650
0.00043650
0.00043650
0.00043650
0.00043650
0.00043650
0.00043650
0.00043650
0.00043650
0.00043650
0.00043650
0.00043650
0.00043650
0.00043650
0.00043650
0.00043650
0.00043650
0.00043650
0.00043650
0.00043650
0.00043650
0.00043650
0.00043650
0.00043650
0.00043650
0.00043650
0.00043650
0.00043650
0.00043650
0.00043650
0.00043650
0.00043650
0.00043650
0.00043650
0.00043650
0.00043650
0.00043650
0.00043650
0.00043650
0.00043650
0.00043650
0.00043650
0.00043650
0.00043650
0.00043650
0.00043650
0.00043650
0.00043650
0.00043650
0.00043650
0.00043650
0.00043650
0.00043650
0.00043650
0.00043650
0.00043650
0.00043650
0.00043650
0.00043650
0.00043650
0.00043649
0.00043649
0.00043649
0.00043649
0.00043649
0.00043649
0.00043649
0.00043649
0.00043649
0.00043649
0.00043649
0.00043649
0.00043649
0.00043649
0.00043649
0.00043649
0.00043649
0.00043649
0.00043649
0.00043649
0.00043649
0.00043649
0.00043649
0.00043649
0.00043649
0.00043649
0.00043649
0.00043649
0.00043649
0.00043649
0.00043649
0.00043649
0.00043649
0.00043649
0.00043649
0.00043649
0.00043649
0.00043649
0.00043649
0.00043649
0.00043649
0.00043649
0.00043649
0.00043649
0.00043649
0.00043649
0.00043649
0.00043649
0.00043649
0.00043649
0.00043649
0.00043649
0.00043649
0.00043649
0.00043649
0.00043649
0.00043649
0.00043649
0.00043649
0.00043649
0.00043649
0.00043649
0.00043649
0.00043649
0.00043649
0.00043649
0.00043649
0.00043649
0.00043649
0.00043649
0.00043649
0.00043649
0.00043649
0.00043649
0.00043649
0.00043649
0.00043649
0.00043649
0.00043649
0.00043649
0.00043649
0.00043649
0.00043649
0.00043649
0.00043649
0.00043649
0.00043649
0.00043649
0.00043649
0.00043649
0.00043649
0.00043649
0.00043649
0.00043649
0.00043649
0.00043649
0.00043649
0.00043649
0.00043649
0.00043649
0.00043648
0.00043648
0.00043648
0.00043648
0.00043648
0.00043648
0.00043648
0.00043648
0.00043648
0.00043648
0.00043648
0.00043648
0.00043648
0.00043648
0.00043648
0.00043648
0.00043648
0.00043648
0.00043648
0.00043648
0.00043648
0.00043648
0.00043648
0.00043648
0.00043648
0.00043648
0.00043648
0.00043648
0.00043648
0.00043648
0.00043648
0.00043648
0.00043648
0.00043648
0.00043648
0.00043648
0.00043648
0.00043648
0.00043648
0.00043648
0.00043648
0.00043648
0.00043648
0.00043648
0.00043648
0.00043648
0.00043648
0.00043648
0.00043648
0.00043648
0.00043648
0.00043648
0.00043648
0.00043648
0.00043648
0.00043648
0.00043648
0.00043648
0.00043648
0.00043648
0.00043648
0.00043648
0.00043648
0.00043648
0.00043648
0.00043648
0.00043648
0.00043648
0.00043648
0.00043648
0.00043648
0.00043648
0.00043648
0.00043648
0.00043648
0.00043648
0.00043648
0.00043648
0.00043648
0.00043648
0.00043648
0.00043648
0.00043648
0.00043648
0.00043648
0.00043648
0.00043648
0.00043648
0.00043648
0.00043648
0.00043648
0.00043648
0.00043648
0.00043648
0.00043648
0.00043648
0.00043648
0.00043648
0.00043648
0.00043648
0.00043647
0.00043647
0.00043647
0.00043647
0.00043647
0.00043647
0.00043647
0.00043647
0.00043647
0.00043647
0.00043647
0.00043647
0.00043647
0.00043647
0.00043647
0.00043647
0.00043647
0.00043647
0.00043647
0.00043647
0.00043647
0.00043647
0.00043647
0.00043647
0.00043647
0.00043647
0.00043647
0.00043647
0.00043647
0.00043647
0.00043647
0.00043647
0.00043647
0.00043647
0.00043647
0.00043647
0.00043647
0.00043647
0.00043647
0.00043647
0.00043647
0.00043647
0.00043647
0.00043647
0.00043647
0.00043647
0.00043647
0.00043647
0.00043647
0.00043647
0.00043647
0.00043647
0.00043647
0.00043647
0.00043647
0.00043647
0.00043647
0.00043647
0.00043647
0.00043647
0.00043647
0.00043647
0.00043647
0.00043647
0.00043647
0.00043647
0.00043647
0.00043647
0.00043647
0.00043647
0.00043647
0.00043647
0.00043647
0.00043647
0.00043647
0.00043647
0.00043647
0.00043647
0.00043647
0.00043647
0.00043647
0.00043647
0.00043647
0.00043647
0.00043647
0.00043647
0.00043647
0.00043647
0.00043647
0.00043647
0.00043647
0.00043647
0.00043647
0.00043647
0.00043647
0.00043647
0.00043647
0.00043647
0.00043647
0.00043647
0.00043646
0.00043646
0.00043646
0.00043646
0.00043646
0.00043646
0.00043646
0.00043646
0.00043646
0.00043646
0.00043646
0.00043646
0.00043646
0.00043646
0.00043646
0.00043646
0.00043646
0.00043646
0.00043646
0.00043646
0.00043646
0.00043646
0.00043646
0.00043646
0.00043646
0.00043646
0.00043646
0.00043646
0.00043646
0.00043646
0.00043646
0.00043646
0.00043646
0.00043646
0.00043646
0.00043646
0.00043646
0.00043646
0.00043646
0.00043646
0.00043646
0.00043646
0.00043646
0.00043646
0.00043646
0.00043646
0.00043646
0.00043646
0.00043646
0.00043646
0.00043646
0.00043646
0.00043646
0.00043646
0.00043646
0.00043646
0.00043646
0.00043646
0.00043646
0.00043646
0.00043646
0.00043646
0.00043646
0.00043646
0.00043646
0.00043646
0.00043646
0.00043646
0.00043646
0.00043646
0.00043646
0.00043646
0.00043646
0.00043646
0.00043646
0.00043646
0.00043646
0.00043646
0.00043646
0.00043646
0.00043646
0.00043646
0.00043646
0.00043646
0.00043646
0.00043646
0.00043646
0.00043646
0.00043646
0.00043646
0.00043646
0.00043646
0.00043646
0.00043646
0.00043646
0.00043646
0.00043646
0.00043646
0.00043646
0.00043646
0.00043645
0.00043645
0.00043645
0.00043645
0.00043645
0.00043645
0.00043645
0.00043645
0.00043645
0.00043645
0.00043645
0.00043645
0.00043645
0.00043645
0.00043645
0.00043645
0.00043645
0.00043645
0.00043645
0.00043645
0.00043645
0.00043645
0.00043645
0.00043645
0.00043645
0.00043645
0.00043645
0.00043645
0.00043645
0.00043645
0.00043645
0.00043645
0.00043645
0.00043645
0.00043645
0.00043645
0.00043645
0.00043645
0.00043645
0.00043645
0.00043645
0.00043645
0.00043645
0.00043645
0.00043645
0.00043645
0.00043645
0.00043645
0.00043645
0.00043645
0.00043645
0.00043645
0.00043645
0.00043645
0.00043645
0.00043645
0.00043645
0.00043645
0.00043645
0.00043645
0.00043645
0.00043645
0.00043645
0.00043645
0.00043645
0.00043645
0.00043645
0.00043645
0.00043645
0.00043645
0.00043645
0.00043645
0.00043645
0.00043645
0.00043645
0.00043645
0.00043645
0.00043645
0.00043645
0.00043645
0.00043645
0.00043645
0.00043645
0.00043645
0.00043645
0.00043645
0.00043645
0.00043645
0.00043645
0.00043645
0.00043645
0.00043645
0.00043645
0.00043645
0.00043645
0.00043645
0.00043645
0.00043645
0.00043645
0.00043645
0.00043644
0.00043644
0.00043644
0.00043644
0.00043644
0.00043644
0.00043644
0.00043644
0.00043644
0.00043644
0.00043644
0.00043644
0.00043644
0.00043644
0.00043644
0.00043644
0.00043644
0.00043644
0.00043644
0.00043644
0.00043644
0.00043644
0.00043644
0.00043644
0.00043644
0.00043644
0.00043644
0.00043644
0.00043644
0.00043644
0.00043644
0.00043644
0.00043644
0.00043644
0.00043644
0.00043644
0.00043644
0.00043644
0.00043644
0.00043644
0.00043644
0.00043644
0.00043644
0.00043644
0.00043644
0.00043644
0.00043644
0.00043644
0.00043644
0.00043644
0.00043644
0.00043644
0.00043644
0.00043644
0.00043644
0.00043644
0.00043644
0.00043644
0.00043644
0.00043644
0.00043644
0.00043644
0.00043644
0.00043644
0.00043644
0.00043644
0.00043644
0.00043644
0.00043644
0.00043644
0.00043644
0.00043644
0.00043644
0.00043644
0.00043644
0.00043644
0.00043644
0.00043644
0.00043644
0.00043644
0.00043644
0.00043644
0.00043644
0.00043644
0.00043644
0.00043644
0.00043644
0.00043644
0.00043644
0.00043644
0.00043644
0.00043644
0.00043644
0.00043644
0.00043644
0.00043644
0.00043644
0.00043644
0.00043644
0.00043644
0.00043643
0.00043643
0.00043643
0.00043643
0.00043643
0.00043643
0.00043643
0.00043643
0.00043643
0.00043643
0.00043643
0.00043643
0.00043643
0.00043643
0.00043643
0.00043643
0.00043643
0.00043643
0.00043643
0.00043643
0.00043643
0.00043643
0.00043643
0.00043643
0.00043643
0.00043643
0.00043643
0.00043643
0.00043643
0.00043643
0.00043643
0.00043643
0.00043643
0.00043643
0.00043643
0.00043643
0.00043643
0.00043643
0.00043643
0.00043643
0.00043643
0.00043643
0.00043643
0.00043643
0.00043643
0.00043643
0.00043643
0.00043643
0.00043643
0.00043643
0.00043643
0.00043643
0.00043643
0.00043643
0.00043643
0.00043643
0.00043643
0.00043643
0.00043643
0.00043643
0.00043643
0.00043643
0.00043643
0.00043643
0.00043643
0.00043643
0.00043643
0.00043643
0.00043643
0.00043643
0.00043643
0.00043643
0.00043643
0.00043643
0.00043643
0.00043643
0.00043643
0.00043643
0.00043643
0.00043643
0.00043643
0.00043643
0.00043643
0.00043643
0.00043643
0.00043643
0.00043643
0.00043643
0.00043643
0.00043643
0.00043643
0.00043643
0.00043643
0.00043643
0.00043643
0.00043643
0.00043643
0.00043643
0.00043643
0.00043643
0.00043642
0.00043642
0.00043642
0.00043642
0.00043642
0.00043642
0.00043642
0.00043642
0.00043642
0.00043642
0.00043642
0.00043642
0.00043642
0.00043642
0.00043642
0.00043642
0.00043642
0.00043642
0.00043642
0.00043642
0.00043642
0.00043642
0.00043642
0.00043642
0.00043642
0.00043642
0.00043642
0.00043642
0.00043642
0.00043642
0.00043642
0.00043642
0.00043642
0.00043642
0.00043642
0.00043642
0.00043642
0.00043642
0.00043642
0.00043642
0.00043642
0.00043642
0.00043642
0.00043642
0.00043642
0.00043642
0.00043642
0.00043642
0.00043642
0.00043642
0.00043642
0.00043642
0.00043642
0.00043642
0.00043642
0.00043642
0.00043642
0.00043642
0.00043642
0.00043642
0.00043642
0.00043642
0.00043642
0.00043642
0.00043642
0.00043642
0.00043642
0.00043642
0.00043642
0.00043642
0.00043642
0.00043642
0.00043642
0.00043642
0.00043642
0.00043642
0.00043642
0.00043642
0.00043642
0.00043642
0.00043642
0.00043642
0.00043642
0.00043642
0.00043642
0.00043642
0.00043642
0.00043642
0.00043642
0.00043642
0.00043642
0.00043642
0.00043642
0.00043642
0.00043642
0.00043642
0.00043642
0.00043642
0.00043642
0.00043642
0.00043641
0.00043641
0.00043641
0.00043641
0.00043641
0.00043641
0.00043641
0.00043641
0.00043641
0.00043641
0.00043641
0.00043641
0.00043641
0.00043641
0.00043641
0.00043641
0.00043641
0.00043641
0.00043641
0.00043641
0.00043641
0.00043641
0.00043641
0.00043641
0.00043641
0.00043641
0.00043641
0.00043641
0.00043641
0.00043641
0.00043641
0.00043641
0.00043641
0.00043641
0.00043641
0.00043641
0.00043641
0.00043641
0.00043641
0.00043641
0.00043641
0.00043641
0.00043641
0.00043641
0.00043641
0.00043641
0.00043641
0.00043641
0.00043641
0.00043641
0.00043641
0.00043641
0.00043641
0.00043641
0.00043641
0.00043641
0.00043641
0.00043641
0.00043641
0.00043641
0.00043641
0.00043641
0.00043641
0.00043641
0.00043641
0.00043641
0.00043641
0.00043641
0.00043641
0.00043641
0.00043641
0.00043641
0.00043641
0.00043641
0.00043641
0.00043641
0.00043641
0.00043641
0.00043641
0.00043641
0.00043641
0.00043641
0.00043641
0.00043641
0.00043641
0.00043641
0.00043641
0.00043641
0.00043641
0.00043641
0.00043641
0.00043641
0.00043641
0.00043641
0.00043641
0.00043641
0.00043641
0.00043641
0.00043641
0.00043641
0.00043640
0.00043640
0.00043640
0.00043640
0.00043640
0.00043640
0.00043640
0.00043640
0.00043640
0.00043640
0.00043640
0.00043640
0.00043640
0.00043640
0.00043640
0.00043640
0.00043640
0.00043640
0.00043640
0.00043640
0.00043640
0.00043640
0.00043640
0.00043640
0.00043640
0.00043640
0.00043640
0.00043640
0.00043640
0.00043640
0.00043640
0.00043640
0.00043640
0.00043640
0.00043640
0.00043640
0.00043640
0.00043640
0.00043640
0.00043640
0.00043640
0.00043640
0.00043640
0.00043640
0.00043640
0.00043640
0.00043640
0.00043640
0.00043640
0.00043640
0.00043640
0.00043640
0.00043640
0.00043640
0.00043640
0.00043640
0.00043640
0.00043640
0.00043640
0.00043640
0.00043640
0.00043640
0.00043640
0.00043640
0.00043640
0.00043640
0.00043640
0.00043640
0.00043640
0.00043640
0.00043640
0.00043640
0.00043640
0.00043640
0.00043640
0.00043640
0.00043640
0.00043640
0.00043640
0.00043640
0.00043640
0.00043640
0.00043640
0.00043640
0.00043640
0.00043640
0.00043640
0.00043640
0.00043640
0.00043640
0.00043640
0.00043640
0.00043640
0.00043640
0.00043640
0.00043640
0.00043640
0.00043640
0.00043640
0.00043640
0.00043639
0.00043639
0.00043639
0.00043639
0.00043639
0.00043639
0.00043639
0.00043639
0.00043639
0.00043639
0.00043639
0.00043639
0.00043639
0.00043639
0.00043639
0.00043639
0.00043639
0.00043639
0.00043639
0.00043639
0.00043639
0.00043639
0.00043639
0.00043639
0.00043639
0.00043639
0.00043639
0.00043639
0.00043639
0.00043639
0.00043639
0.00043639
0.00043639
0.00043639
0.00043639
0.00043639
0.00043639
0.00043639
0.00043639
0.00043639
0.00043639
0.00043639
0.00043639
0.00043639
0.00043639
0.00043639
0.00043639
0.00043639
0.00043639
0.00043639
0.00043639
0.00043639
0.00043639
0.00043639
0.00043639
0.00043639
0.00043639
0.00043639
0.00043639
0.00043639
0.00043639
0.00043639
0.00043639
0.00043639
0.00043639
0.00043639
0.00043639
0.00043639
0.00043639
0.00043639
0.00043639
0.00043639
0.00043639
0.00043639
0.00043639
0.00043639
0.00043639
0.00043639
0.00043639
0.00043639
0.00043639
0.00043639
0.00043639
0.00043639
0.00043639
0.00043639
0.00043639
0.00043639
0.00043639
0.00043639
0.00043639
0.00043639
0.00043639
0.00043639
0.00043639
0.00043639
0.00043639
0.00043639
0.00043639
0.00043639
0.00043638
0.00043638
0.00043638
0.00043638
0.00043638
0.00043638
0.00043638
0.00043638
0.00043638
0.00043638
0.00043638
0.00043638
0.00043638
0.00043638
0.00043638
0.00043638
0.00043638
0.00043638
0.00043638
0.00043638
0.00043638
0.00043638
0.00043638
0.00043638
0.00043638
0.00043638
0.00043638
0.00043638
0.00043638
0.00043638
0.00043638
0.00043638
0.00043638
0.00043638
0.00043638
0.00043638
0.00043638
0.00043638
0.00043638
0.00043638
0.00043638
0.00043638
0.00043638
0.00043638
0.00043638
0.00043638
0.00043638
0.00043638
0.00043638
0.00043638
0.00043638
0.00043638
0.00043638
0.00043638
0.00043638
0.00043638
0.00043638
0.00043638
0.00043638
0.00043638
0.00043638
0.00043638
0.00043638
0.00043638
0.00043638
0.00043638
0.00043638
0.00043638
0.00043638
0.00043638
0.00043638
0.00043638
0.00043638
0.00043638
0.00043638
0.00043638
0.00043638
0.00043638
0.00043638
0.00043638
0.00043638
0.00043638
0.00043638
0.00043638
0.00043638
0.00043638
0.00043638
0.00043638
0.00043638
0.00043638
0.00043638
0.00043638
0.00043638
0.00043638
0.00043638
0.00043638
0.00043638
0.00043638
0.00043638
0.00043638
0.00043637
0.00043637
0.00043637
0.00043637
0.00043637
0.00043637
0.00043637
0.00043637
0.00043637
0.00043637
0.00043637
0.00043637
0.00043637
0.00043637
0.00043637
0.00043637
0.00043637
0.00043637
0.00043637
0.00043637
0.00043637
0.00043637
0.00043637
0.00043637
0.00043637
0.00043637
0.00043637
0.00043637
0.00043637
0.00043637
0.00043637
0.00043637
0.00043637
0.00043637
0.00043637
0.00043637
0.00043637
0.00043637
0.00043637
0.00043637
0.00043637
0.00043637
0.00043637
0.00043637
0.00043637
0.00043637
0.00043637
0.00043637
0.00043637
0.00043637
0.00043637
0.00043637
0.00043637
0.00043637
0.00043637
0.00043637
0.00043637
0.00043637
0.00043637
0.00043637
0.00043637
0.00043637
0.00043637
0.00043637
0.00043637
0.00043637
0.00043637
0.00043637
0.00043637
0.00043637
0.00043637
0.00043637
0.00043637
0.00043637
0.00043637
0.00043637
0.00043637
0.00043637
0.00043637
0.00043637
0.00043637
0.00043637
0.00043637
0.00043637
0.00043637
0.00043637
0.00043637
0.00043637
0.00043637
0.00043637
0.00043637
0.00043637
0.00043637
0.00043637
0.00043637
0.00043637
0.00043637
0.00043637
0.00043637
0.00043637
0.00043636
0.00043636
0.00043636
0.00043636
0.00043636
0.00043636
0.00043636
0.00043636
0.00043636
0.00043636
0.00043636
0.00043636
0.00043636
0.00043636
0.00043636
0.00043636
0.00043636
0.00043636
0.00043636
0.00043636
0.00043636
0.00043636
0.00043636
0.00043636
0.00043636
0.00043636
0.00043636
0.00043636
0.00043636
0.00043636
0.00043636
0.00043636
0.00043636
0.00043636
0.00043636
0.00043636
0.00043636
0.00043636
0.00043636
0.00043636
0.00043636
0.00043636
0.00043636
0.00043636
0.00043636
0.00043636
0.00043636
0.00043636
0.00043636
0.00043636
0.00043636
0.00043636
0.00043636
0.00043636
0.00043636
0.00043636
0.00043636
0.00043636
0.00043636
0.00043636
0.00043636
0.00043636
0.00043636
0.00043636
0.00043636
0.00043636
0.00043636
0.00043636
0.00043636
0.00043636
0.00043636
0.00043636
0.00043636
0.00043636
0.00043636
0.00043636
0.00043636
0.00043636
0.00043636
0.00043636
0.00043636
0.00043636
0.00043636
0.00043636
0.00043636
0.00043636
0.00043636
0.00043636
0.00043636
0.00043636
0.00043636
0.00043636
0.00043636
0.00043636
0.00043636
0.00043636
0.00043636
0.00043636
0.00043636
0.00043636
0.00043635
0.00043635
0.00043635
0.00043635
0.00043635
0.00043635
0.00043635
0.00043635
0.00043635
0.00043635
0.00043635
0.00043635
0.00043635
0.00043635
0.00043635
0.00043635
0.00043635
0.00043635
0.00043635
0.00043635
0.00043635
0.00043635
0.00043635
0.00043635
0.00043635
0.00043635
0.00043635
0.00043635
0.00043635
0.00043635
0.00043635
0.00043635
0.00043635
0.00043635
0.00043635
0.00043635
0.00043635
0.00043635
0.00043635
0.00043635
0.00043635
0.00043635
0.00043635
0.00043635
0.00043635
0.00043635
0.00043635
0.00043635
0.00043635
0.00043635
0.00043635
0.00043635
0.00043635
0.00043635
0.00043635
0.00043635
0.00043635
0.00043635
0.00043635
0.00043635
0.00043635
0.00043635
0.00043635
0.00043635
0.00043635
0.00043635
0.00043635
0.00043635
0.00043635
0.00043635
0.00043635
0.00043635
0.00043635
0.00043635
0.00043635
0.00043635
0.00043635
0.00043635
0.00043635
0.00043635
0.00043635
0.00043635
0.00043635
0.00043635
0.00043635
0.00043635
0.00043635
0.00043635
0.00043635
0.00043635
0.00043635
0.00043635
0.00043635
0.00043635
0.00043635
0.00043635
0.00043635
0.00043635
0.00043635
0.00043635
0.00043634
0.00043634
0.00043634
0.00043634
0.00043634
0.00043634
0.00043634
0.00043634
0.00043634
0.00043634
0.00043634
0.00043634
0.00043634
0.00043634
0.00043634
0.00043634
0.00043634
0.00043634
0.00043634
0.00043634
0.00043634
0.00043634
0.00043634
0.00043634
0.00043634
0.00043634
0.00043634
0.00043634
0.00043634
0.00043634
0.00043634
0.00043634
0.00043634
0.00043634
0.00043634
0.00043634
0.00043634
0.00043634
0.00043634
0.00043634
0.00043634
0.00043634
0.00043634
0.00043634
0.00043634
0.00043634
0.00043634
0.00043634
0.00043634
0.00043634
0.00043634
0.00043634
0.00043634
0.00043634
0.00043634
0.00043634
0.00043634
0.00043634
0.00043634
0.00043634
0.00043634
0.00043634
0.00043634
0.00043634
0.00043634
0.00043634
0.00043634
0.00043634
0.00043634
0.00043634
0.00043634
0.00043634
0.00043634
0.00043634
0.00043634
0.00043634
0.00043634
0.00043634
0.00043634
0.00043634
0.00043634
0.00043634
0.00043634
0.00043634
0.00043634
0.00043634
0.00043634
0.00043634
0.00043634
0.00043634
0.00043634
0.00043634
0.00043634
0.00043634
0.00043634
0.00043634
0.00043634
0.00043634
0.00043634
0.00043634
0.00043633
0.00043633
0.00043633
0.00043633
0.00043633
0.00043633
0.00043633
0.00043633
0.00043633
0.00043633
0.00043633
0.00043633
0.00043633
0.00043633
0.00043633
0.00043633
0.00043633
0.00043633
0.00043633
0.00043633
0.00043633
0.00043633
0.00043633
0.00043633
0.00043633
0.00043633
0.00043633
0.00043633
0.00043633
0.00043633
0.00043633
0.00043633
0.00043633
0.00043633
0.00043633
0.00043633
0.00043633
0.00043633
0.00043633
0.00043633
0.00043633
0.00043633
0.00043633
0.00043633
0.00043633
0.00043633
0.00043633
0.00043633
0.00043633
0.00043633
0.00043633
0.00043633
0.00043633
0.00043633
0.00043633
0.00043633
0.00043633
0.00043633
0.00043633
0.00043633
0.00043633
0.00043633
0.00043633
0.00043633
0.00043633
0.00043633
0.00043633
0.00043633
0.00043633
0.00043633
0.00043633
0.00043633
0.00043633
0.00043633
0.00043633
0.00043633
0.00043633
0.00043633
0.00043633
0.00043633
0.00043633
0.00043633
0.00043633
0.00043633
0.00043633
0.00043633
0.00043633
0.00043633
0.00043633
0.00043633
0.00043633
0.00043633
0.00043633
0.00043633
0.00043633
0.00043633
0.00043633
0.00043633
0.00043633
0.00043633
0.00043632
0.00043632
0.00043632
0.00043632
0.00043632
0.00043632
0.00043632
0.00043632
0.00043632
0.00043632
0.00043632
0.00043632
0.00043632
0.00043632
0.00043632
0.00043632
0.00043632
0.00043632
0.00043632
0.00043632
0.00043632
0.00043632
0.00043632
0.00043632
0.00043632
0.00043632
0.00043632
0.00043632
0.00043632
0.00043632
0.00043632
0.00043632
0.00043632
0.00043632
0.00043632
0.00043632
0.00043632
0.00043632
0.00043632
0.00043632
0.00043632
0.00043632
0.00043632
0.00043632
0.00043632
0.00043632
0.00043632
0.00043632
0.00043632
0.00043632
0.00043632
0.00043632
0.00043632
0.00043632
0.00043632
0.00043632
0.00043632
0.00043632
0.00043632
0.00043632
0.00043632
0.00043632
0.00043632
0.00043632
0.00043632
0.00043632
0.00043632
0.00043632
0.00043632
0.00043632
0.00043632
0.00043632
0.00043632
0.00043632
0.00043632
0.00043632
0.00043632
0.00043632
0.00043632
0.00043632
0.00043632
0.00043632
0.00043632
0.00043632
0.00043632
0.00043632
0.00043632
0.00043632
0.00043632
0.00043632
0.00043632
0.00043632
0.00043632
0.00043632
0.00043632
0.00043632
0.00043632
0.00043632
0.00043632
0.00043632
0.00043631
0.00043631
0.00043631
0.00043631
0.00043631
0.00043631
0.00043631
0.00043631
0.00043631
0.00043631
0.00043631
0.00043631
0.00043631
0.00043631
0.00043631
0.00043631
0.00043631
0.00043631
0.00043631
0.00043631
0.00043631
0.00043631
0.00043631
0.00043631
0.00043631
0.00043631
0.00043631
0.00043631
0.00043631
0.00043631
0.00043631
0.00043631
0.00043631
0.00043631
0.00043631
0.00043631
0.00043631
0.00043631
0.00043631
0.00043631
0.00043631
0.00043631
0.00043631
0.00043631
0.00043631
0.00043631
0.00043631
0.00043631
0.00043631
0.00043631
0.00043631
0.00043631
0.00043631
0.00043631
0.00043631
0.00043631
0.00043631
0.00043631
0.00043631
0.00043631
0.00043631
0.00043631
0.00043631
0.00043631
0.00043631
0.00043631
0.00043631
0.00043631
0.00043631
0.00043631
0.00043631
0.00043631
0.00043631
0.00043631
0.00043631
0.00043631
0.00043631
0.00043631
0.00043631
0.00043631
0.00043631
0.00043631
0.00043631
0.00043631
0.00043631
0.00043631
0.00043631
0.00043631
0.00043631
0.00043631
0.00043631
0.00043631
0.00043631
0.00043631
0.00043631
0.00043631
0.00043631
0.00043631
0.00043631
0.00043631
0.00043630
0.00043630
0.00043630
0.00043630
0.00043630
0.00043630
0.00043630
0.00043630
0.00043630
0.00043630
0.00043630
0.00043630
0.00043630
0.00043630
0.00043630
0.00043630
0.00043630
0.00043630
0.00043630
0.00043630
0.00043630
0.00043630
0.00043630
0.00043630
0.00043630
0.00043630
0.00043630
0.00043630
0.00043630
0.00043630
0.00043630
0.00043630
0.00043630
0.00043630
0.00043630
0.00043630
0.00043630
0.00043630
0.00043630
0.00043630
0.00043630
0.00043630
0.00043630
0.00043630
0.00043630
0.00043630
0.00043630
0.00043630
0.00043630
0.00043630
0.00043630
