149
115
43
143
55
187
7
79
180
81
91
14
74
138
167
56
17
152
69
113
5
50
8
66
44
211
71
53
36
92
10
51
39
200
112
166
16
26
123
204
3
177
12
139
13
47
31
35
22
97
0
148
28
24
85
48
157
1
33
126
32
165
98
83
4
96
186
72
80
154
129
94
54
121
108
87
107
63
119
20
73
109
155
90
117
104
64
29
179
46
45
38
125
11
21
134
137
100
127
67
18
140
144
6
34
89
70
99
2
86
88
150
61
58
25
9
124
77
181
116
78
147
168
41
169
59
212
42
30
111
202
15
57
23
62
101
95
118
93
135
76
68
185
171
65
103
75
156
27
110
120
145
