19
111
23
43
59
167
123
97
4
138
71
153
44
9
169
38
75
57
13
162
164
202
69
193
81
120
14
179
52
46
0
99
88
116
204
181
180
93
18
31
192
74
159
121
112
48
172
33
72
212
132
79
98
68
129
66
117
126
106
92
29
28
145
47
114
50
21
67
53
36
104
35
137
133
125
12
186
87
171
26
103
197
211
2
83
51
7
101
1
109
157
158
185
130
27
73
155
41
77
107
15
85
6
54
139
127
177
140
30
165
90
149
168
141
62
94
65
110
78
16
102
24
119
10
3
56
203
115
70
17
8
124
156
5
95
118
42
89
147
96
61
20
82
80
32
22
86
58
34
25
135
76
134
11
39
151
108
