3
176
50
54
151
59
168
81
100
65
18
24
82
138
86
111
60
83
31
74
21
6
14
38
103
124
110
108
61
70
73
130
26
153
7
117
28
149
46
150
51
125
197
184
30
63
15
132
129
181
56
34
5
71
202
109
175
96
140
72
211
75
23
180
10
16
91
0
134
77
141
116
186
13
115
113
67
64
2
164
147
68
94
107
48
49
209
89
12
76
8
4
159
160
53
43
47
212
144
120
187
87
36
152
95
25
9
62
167
57
98
44
92
185
66
17
35
29
33
179
121
203
143
85
172
166
183
106
80
93
22
155
165
78
90
69
145
88
104
127
126
157
135
41
118
169
58
1
114
123
99
128
42
112
101
79
27
171
39
133
97
11
20
