210
98
48
12
80
85
7
28
20
116
167
120
211
84
112
50
201
125
77
51
92
18
39
87
42
69
157
11
184
38
133
19
110
73
162
44
83
103
43
17
139
58
159
82
14
176
141
22
168
8
32
31
185
126
52
49
204
128
75
9
88
36
63
123
140
91
33
59
25
15
97
209
172
29
62
115
186
138
3
30
6
90
164
107
202
146
187
134
54
179
127
21
109
132
47
197
154
78
130
117
95
57
102
101
4
79
212
41
86
10
183
72
1
16
13
71
45
27
61
89
23
74
35
93
147
166
175
26
108
94
180
118
153
137
119
70
66
24
67
114
81
149
165
171
111
99
76
96
34
131
100
5
65
169
68
124
104
145
155
46
