53
43
185
175
125
102
97
35
146
177
133
88
77
153
162
37
201
9
50
56
128
129
189
108
62
73
180
40
51
11
41
181
159
114
211
187
158
179
116
68
100
65
83
60
24
169
94
151
98
0
111
139
49
4
14
39
109
155
2
123
21
184
107
210
44
99
87
132
110
101
202
103
118
138
10
164
124
167
81
1
145
86
176
19
33
127
12
112
34
70
78
186
85
165
106
72
92
3
57
52
120
149
54
58
157
147
131
42
152
79
171
59
48
30
135
8
80
36
32
75
61
20
22
172
119
95
141
137
91
16
7
89
38
25
160
67
17
113
45
5
192
90
63
29
82
104
15
117
121
28
71
64
31
212
13
115
26
18
168
66
27
156
76
69
47
6
126
