89
39
45
72
68
212
75
147
144
54
61
63
23
202
180
103
53
171
124
70
93
95
183
104
121
7
55
9
29
182
185
131
134
82
181
69
123
115
107
33
125
166
149
74
176
143
130
17
175
62
44
108
80
36
156
25
32
116
83
10
19
15
85
96
189
101
91
177
172
38
120
192
31
128
145
170
154
64
0
4
2
99
59
16
158
150
132
153
65
133
90
102
46
100
66
87
78
79
169
34
6
73
57
81
11
109
209
26
27
188
127
106
51
114
77
12
42
155
21
165
110
1
52
5
20
28
24
164
167
41
71
92
152
48
22
97
168
118
76
86
56
58
94
135
146
8
139
148
43
211
119
162
30
13
113
186
3
157
112
179
35
18
50
47
88
14
