67
192
135
108
26
27
9
167
109
130
3
202
157
38
32
33
55
93
77
51
111
22
53
66
83
147
35
92
106
7
112
29
11
186
197
151
56
16
123
79
20
88
5
176
47
119
58
94
97
34
189
141
181
166
103
172
14
37
6
60
70
48
150
65
50
98
24
145
13
211
134
39
0
149
124
126
133
12
68
21
158
104
62
10
59
64
127
110
165
82
23
120
137
95
139
85
87
74
2
19
4
113
54
89
177
44
73
132
42
17
52
31
171
153
107
159
140
36
162
90
138
164
61
18
43
78
129
154
1
86
76
46
28
75
179
72
100
116
80
212
169
57
99
69
71
8
114
96
15
81
156
30
41
101
155
25
