124
7
61
117
50
192
27
70
107
88
30
38
119
44
75
8
59
53
83
10
146
139
103
134
108
118
154
169
63
54
110
67
168
133
76
172
2
82
26
162
20
143
165
29
46
184
116
56
74
24
33
34
159
126
15
60
101
1
39
130
48
72
6
13
47
4
32
91
155
123
181
115
97
62
19
129
93
90
111
95
177
21
37
179
0
69
3
137
99
25
127
135
36
79
113
100
144
42
86
180
156
22
176
141
189
16
11
66
65
109
114
164
52
87
185
9
211
43
120
31
80
23
89
77
188
147
12
5
112
157
212
148
81
104
71
18
171
78
153
28
55
64
92
102
98
68
186
158
140
138
57
132
14
51
203
145
17
85
151
41
