19
203
135
62
130
152
116
74
129
41
44
3
16
54
115
58
31
183
48
50
193
22
143
0
167
128
100
187
93
30
97
56
2
171
120
188
140
49
69
95
99
46
28
70
23
76
88
201
24
96
101
59
26
113
14
109
77
12
108
126
132
34
197
8
172
154
47
184
83
72
176
147
151
169
89
57
82
102
117
98
210
114
160
11
87
179
181
35
71
104
123
81
107
112
51
149
165
79
166
127
92
155
42
5
157
156
36
73
64
200
53
7
1
118
60
80
211
25
43
209
137
144
10
4
21
9
138
106
124
27
91
180
20
162
39
164
133
86
85
153
158
17
61
32
103
145
177
189
52
150
141
18
94
90
38
65
134
67
66
121
6
68
33
146
75
63
111
168
186
212
29
13
78
