159
17
139
65
64
111
71
74
92
132
200
81
76
18
36
197
188
171
117
34
115
22
83
168
43
123
166
24
101
26
29
14
37
82
150
211
151
66
94
7
131
10
172
134
156
128
125
185
169
13
77
86
16
28
203
47
167
30
21
55
53
72
57
100
11
144
48
177
165
1
153
116
4
56
99
106
119
109
184
129
133
19
87
157
2
35
23
154
6
89
90
137
61
183
52
96
9
104
110
127
20
59
118
38
0
50
121
73
60
42
62
70
31
124
95
164
3
147
148
12
80
68
158
91
46
27
112
69
98
75
212
79
152
120
44
97
78
140
58
186
93
189
155
45
88
67
201
102
41
85
25
114
138
180
145
103
39
126
108
51
54
135
8
107
33
32
113
181
5
